6 0.03657117569542518 0.15753957665289137 0.07314235139085036 0.019743014200641083
6 0.2858063006508405 0.11825920464953317 0.0743409793974763 0.020154326996488336
2 0.39457244143670567 0.11538001507860614 0.06824745649604395 0.05717247862268948
6 0.4823191712173327 0.12730808615815992 0.07555968397776235 0.020154326996487625
6 0.6236889025305637 0.137590906054327 0.07555968397776235 0.020154326996487625
6 0.07923587429228271 0.4012424081920528 0.07555968397776235 0.018509075813101107
6 0.212107488844792 0.4111139152923732 0.0743409793974763 0.020154326996487625
6 0.34616499267630413 0.4211910787906172 0.07434097939747525 0.018920388608946938
6 0.48570666711910193 0.41090825889444726 0.0755596839777613 0.019743014200647124
6 0.619400510869953 0.40106542133393785 0.07557097434294885 0.018946722853125663
0 0.6666349572567354 0.8990662511125539 0.010341647741100772 0.0781874462608542
7 0.49988087753422933 0.8993203415056783 0.07175850771998873 0.06203060034278849
6 0.03127960751310058 0.6846388704750123 0.06255921502620115 0.01945085503311006
6 0.16976743233334657 0.6744951450007554 0.07684288408142105 0.01715021626575286
6 0.31632664269831634 0.684638870475012 0.07622318340334656 0.01903255707540872
6 0.4610267510290569 0.694155149012718 0.0768428840814221 0.01673191830804832
6 0.6082056620721042 0.6848480194538625 0.07622318340334762 0.020287450948513096
6 0.3423540711775072 0.8801931657003642 0.07374438069104128 0.020287450948512743
6 0.18773875199754972 0.8895002952592176 0.07684288408142316 0.0175685142234542
6 0.013927988526970862 0.9090557247817518 0.027855977053941723 0.017359365244603
