8 0.1693968751485516 0.3041995406742289 0.05349375004691104 0.41006422054308295
2 0.21637527348114224 0.25927528817067486 0.021677671183639457 0.1543880353411767
3 0.24447595834882302 0.1761885973954533 0.022480547894144644 0.17442312389691508
3 0.2717737665059987 0.2622216247229862 0.021677671183639457 0.16499484692950014
6 0.3189645611038322 0.32050316428690123 0.025972298500118153 0.05373735504437109
6 0.3852557610850862 0.263497997111455 0.025972298500118195 0.05155881362365016
6 0.43806610136865964 0.2910928551072109 0.026219653723928805 0.05882061835938069
6 0.48852656702603225 0.32014007405011685 0.026219653723928805 0.054463535517941954
6 0.5635988774525641 0.2921821258175729 0.02547758805249689 0.05954679883295051
6 0.6087412057980076 0.32050316428690123 0.02621965372392889 0.052284994097225194
6 0.6547492774267883 0.29290830629114484 0.025230232828686194 0.059546798832948424
6 0.6990258624888946 0.26495035805860195 0.025724943276307588 0.05591589646508785
6 0.7451576117295808 0.2921821258175719 0.024982877604875407 0.05664207693865871
6 0.7909183281345511 0.26349799711145555 0.025972298500118375 0.05301117457079501
6 0.8581989490110475 0.2344507781685553 0.025477588052497068 0.057368257412232705
6 0.9059385072065023 0.26313490687466956 0.025477588052495826 0.05664207693865871
6 0.9534307101781472 0.29290830629114484 0.02547758805249689 0.059546798832948424
6 0.9945867700093931 0.32050316428690123 0.010826459981213787 0.052284994097225194
