6 0.011173125319541732 0.34156507654497364 0.022346250639083465 0.020504696538244892
6 0.052563698169128335 0.33131272827585123 0.028059058420756244 0.017267112874311506
6 0.1173153714477964 0.34156507654497364 0.025900669311467082 0.020504696538244892
6 0.15752388962656427 0.33140857712893573 0.026457308625311704 0.019233804277430665
7 0.1996597713381411 0.3618512517823619 0.021930378895900483 0.03533227711006228
4 0.2304232195115576 0.32164555713987725 0.01401107540571438 0.05969936477217415
6 0.2553994843652222 0.3228639115229829 0.0261946192367704 0.02071202451279519
6 0.29621435619925973 0.33139239220472205 0.026194619236770224 0.01705696136347843
6 0.336115462245968 0.3417484044611196 0.025585442045217555 0.019493670129689455
4 0.391245998081496 0.3219501457356536 0.01401107540571438 0.05909018758062139
6 0.4168314401267133 0.32255932292720646 0.02497626485366471 0.0201028473212423
6 0.45703713476919816 0.3320015693962749 0.026194619236769866 0.01705696136347843
6 0.4963290636243537 0.3222547343314301 0.02558544204521738 0.019493670129689545
6 0.5368393468626149 0.33139239220472205 0.0261946192367704 0.01705696136347843
6 0.5770450415050992 0.3219501457356536 0.024976264853664353 0.0188844929381367
6 0.6175553247433605 0.3125078992665853 0.02436708766211133 0.019493670129689545
6 0.6796913982817457 0.3320015693962749 0.02680379642832307 0.01705696136347843
4 0.7195925043284447 0.32134096854410044 0.01401107540571438 0.06152689634683162
6 0.7448909994095607 0.321626916925287 0.02662887798605258 0.019139506052475008
6 0.7817137447496488 0.32204299314381907 0.026212801767520232 0.01830735361541085
6 0.821449023619461 0.3320288223885887 0.025796725548988063 0.018307353615410936
6 0.8586878451780808 0.3318207842793226 0.02704495420458457 0.017059124959814743
6 0.8975909716108295 0.34159857541482613 0.024964573111923728 0.01997165848953908
6 0.9362860599343114 0.34159857541482624 0.02496457311192408 0.019139506052475143
6 0.9762293769133897 0.3511683284410637 0.025796725548988063 0.017475201178346732
7 0.022374645928628388 0.5956131068286525 0.020387734708071294 0.06282750899834193
0 0.06127777236137657 0.5949889925008544 0.0024964573111923016 0.0765580242099003
6 0.09307072734872283 0.6161219821061137 0.02298105327019062 0.019621719175353915
6 0.13840871956130368 0.6054045033205211 0.025061434362850042 0.01780848077952175
7 0.1845197596233837 0.5950286339926082 0.022564977051657033 0.06180841540236477
6 0.225725369891627 0.5660865982089611 0.02648932088672762 0.01765954725781853
6 0.26938369505678955 0.5763880007760219 0.02747040684549553 0.02060280513412156
6 0.3154049061847335 0.565729626577992 0.02426000627236071 0.016945603995878855
6 0.3612687259229963 0.5856272775838829 0.02579672554898771 0.01622697252275058
6 0.40474869075959746 0.5762655626669114 0.026212801767520232 0.01913950605247532
6 0.4725691143803239 0.5858353156931491 0.026212801767520232 0.01830735361541045
6 0.51105616459454 0.5956131068286525 0.02579672554898771 0.019555582271007132
6 0.5501673291365541 0.605390897964156 0.025796725548987886 0.019139506052475143
7 0.5911508366619638 0.5964452592657163 0.02121988714513794 0.03453432613816147
6 0.6292218106576466 0.5458919987140705 0.025796725548988243 0.019139506052475053
3 0.6635480986865422 0.5558778279588401 0.01622697252275085 0.045768384038527364
6 0.6957940056227769 0.5562939041773721 0.025796725548988243 0.019139506052474962
6 0.734697132055525 0.5662797334221418 0.024548496893391558 0.017475201178346556
6 0.7954442599612068 0.5560858660681062 0.026212801767520232 0.019555582271007045
6 0.8366358055958816 0.5664877715314078 0.026212801767520232 0.01872342983394306
6 0.8755389320286296 0.5565019422866383 0.02579672554898842 0.019555582271007222
6 0.9165224395540383 0.5471402273696667 0.02538064933045625 0.019139506052474962
6 0.9620827854832992 0.5369463600156312 0.024964573111923728 0.019555582271007045
6 0.02338247200710395 0.810814841956774 0.026756889784573447 0.019459556206962426
6 0.07203136252451037 0.8014904712742711 0.02837851946848726 0.018648741365005696
6 0.12230188272583024 0.7909498783288331 0.025135260100659806 0.01864874136500596
6 0.17054536582225843 0.782436322488287 0.025946074942616804 0.01945955620696287
6 0.22081588602357902 0.7913552857498108 0.025946074942616627 0.02108118589087713
6 0.27068099880391994 0.8014904712742711 0.026756889784573624 0.018648741365005873
6 0.34446514942198636 0.8104094345357957 0.023513630416746523 0.020270371048919423
5 0.4036546328848309 0.8002742490113359 0.025135260100659983 0.017837926523048962
7 0.5021686361825791 0.830679805584715 0.021081185890876243 0.06243274283067164
6 0.582497240680588 0.8104094345357957 0.026756889784573624 0.020270371048919423
6 0.6445245760902811 0.8006796564323142 0.025946074942616627 0.018648741365005606
4 0.6899302072398605 0.790949878328833 0.016216296839135325 0.060811113146758265
6 0.7138492450775853 0.7913552857498113 0.023513630416746346 0.021081185890876243
6 0.7637143578579271 0.8014904712742711 0.025946074942616627 0.018648741365005873
6 0.8115524335333767 0.8104094345357957 0.025946074942616804 0.020270371048919423
6 0.8602013240507829 0.7905444709078547 0.02594607494261645 0.01945955620696278
6 0.909255621989168 0.8014904712742711 0.023513630416746166 0.018648741365005873
6 0.9574991050855954 0.810814841956774 0.02594607494261645 0.01945955620696278
6 0.996587479065847 0.790949878328833 0.006825041868306059 0.020270371048919423
4 0.11353021509238204 0.9978341034144602 0.01446221976399542 0.00433179317107939
