6 0.0635526625761808 0.3320288223885887 0.07643474236737204 0.018307353615410936
6 0.17388991163875817 0.3318207842793226 0.08013319764321354 0.017059124959814743
6 0.28915843440245753 0.34159857541482613 0.07396910551681105 0.01997165848953908
6 0.40381054795351506 0.34159857541482624 0.0739691055168121 0.019139506052475143
6 0.5221611167804141 0.3511683284410637 0.07643474236737204 0.017475201178346732
6 0.6386624579693924 0.36094611957656725 0.07520192394209049 0.019555582271007087
6 0.012667645696247384 0.5560858660681062 0.02533529139249477 0.019555582271007045
6 0.10855053509890851 0.5664877715314078 0.07766756079265254 0.01872342983394306
6 0.22381905786260628 0.5565019422866383 0.07643474236737309 0.019555582271007222
6 0.3452516727527061 0.5471402273696667 0.07520192394209259 0.019139506052474962
6 0.4802452903208866 0.5369463600156312 0.07396910551681105 0.019555582271007045
6 0.6337311842682709 0.5567099803959042 0.07520192394209364 0.019139506052475053
6 0.03633403111805196 0.8104094345357957 0.07266806223610392 0.020270371048919423
6 0.17837429348380096 0.7905444709078547 0.07687725908923392 0.01945955620696278
6 0.3237203614493867 0.8014904712742711 0.06967001604961827 0.018648741365005873
6 0.4666640150684311 0.810814841956774 0.07687725908923392 0.01945955620696278
6 0.6096076686874781 0.790949878328833 0.07447484474269572 0.020270371048919423
