8 0.16943949552651716 0.0035313521334551013 0.05225006469980627 0.007062704266910203
8 0.26180059455641536 0.1999047946250963 0.05388197625591586 0.1398463505878748
2 0.3080732840891679 0.18530319037252846 0.022210890975720998 0.05305935066422265
3 0.3354255850129724 0.15671695106119685 0.022622203771567807 0.060874293785305865
3 0.363189198732622 0.18612581596420075 0.021388265384027737 0.05470460184761485
0 0.4004130067567493 0.19620297946247992 0.00287918957092681 0.07485892884409714
6 0.44812529107496496 0.17645996526183882 0.025090080546647808 0.02056563979233452
6 0.4917244474347138 0.16679411455944226 0.025912706138341336 0.019331701404794187
7 0.5351179473965381 0.19661429225831703 0.020565639792334257 0.03537290044280965
6 0.5760435705832846 0.14684544396087756 0.025912706138341336 0.02056563979233452
6 0.6182031321575698 0.15712826385704465 0.025501393342494617 0.020565639792333813
6 0.6615966321193952 0.16658845816151882 0.025912706138341336 0.0180977630172535
6 0.7037561936936806 0.17687127805768607 0.024678767750801266 0.01974301420064073
6 0.7465327244617361 0.18674278515800607 0.025501393342494884 0.018920388608948003
6 0.7893092552297915 0.17625430886391574 0.026324018934188054 0.020154326996487625
7 0.8547079897694075 0.19579166666661738 0.02138826538402654 0.06169691937700428
6 0.89563361295616 0.186537128760083 0.02591270613834116 0.018509075813101815
6 0.9384101437242155 0.17687127805768607 0.025912706138341336 0.01974301420064073
6 0.9805697052985007 0.166999770957365 0.026324018934188054 0.018097763017254208
8 0.1694608718888337 0.4343530882577017 0.05347066346006883 0.1406689761795718
2 0.2169674998091243 0.41831188921967416 0.02179957817987499 0.055938540235152344
3 0.2439084879370851 0.3905482755000394 0.02138826538402765 0.06046298098946288
3 0.27167210165673583 0.420368453198917 0.02179957817987388 0.055938540235144885
6 0.3237031703313399 0.37224485608485214 0.025501393342494395 0.0197430142006322
6 0.3712097982516326 0.3808824247976368 0.026735331730034416 0.019743014200640376
6 0.4156315802030767 0.39157655748965625 0.025090080546647898 0.02056563979233452
3 0.4534723574209719 0.40000846980451354 0.020976952588180976 0.05881772980607565
6 0.48164728393646994 0.40124240819205353 0.025501393342494703 0.018509075813101107
6 0.5238068455107554 0.3917822138875794 0.02509008054664772 0.020154326996487625
6 0.5655550942891938 0.3806767683997192 0.026324018934187787 0.019331701404794545
6 0.6095655634447894 0.4012424081920528 0.025501393342494703 0.017686450221407312
5 0.6747586415864891 0.39137090109173284 0.025090080546647985 0.019331701404794545
7 0.7921884448007184 0.43003430390132136 0.023856142159107564 0.06293085776454248
6 0.869309594021972 0.3917822138875794 0.025912706138341336 0.02097695258818142
6 0.9176388475339572 0.37224485608485247 0.025501393342493194 0.020565639792333813
3 0.9628832550770795 0.38026545560383906 0.021388265384029204 0.05799510421438399
6 0.9890509142617102 0.3810880811955597 0.021898171476579444 0.020154326996487625
8 0.16828242202257462 0.6682835957391591 0.052750781296259965 0.13670625011987986
8 0.1693968751485516 0.9036179685421593 0.05349375004691104 0.13967812512248762
2 0.21657539081492408 0.6537957051014482 0.02154609376889467 0.05423671879756178
2 0.21637527348114224 0.8883156450331361 0.021677671183639457 0.05258842453808832
3 0.24447595834882302 0.8600142409878263 0.022480547894144644 0.0594128765773867
3 0.2717737665059987 0.8893192409212671 0.021677671183639457 0.05620136973536098
3 0.24427523917119665 0.6249720839874412 0.02207910953889214 0.06061719164313963
3 0.2715730473283724 0.6546785222761324 0.021276232828386775 0.055799931380108705
0 0.8363037745957425 0.4296408495941817 0.002285398136161376 0.07713218709543775
2 0.46221547907778815 0.6552502456588108 0.017157108563802658 0.04584604419507841
5 0.3200479076557886 0.6551039904230975 0.025526038969888233 0.017382017012828755
6 0.40738342670276306 0.6741269670839907 0.02589069666945796 0.017260464446305336
6 0.4936249726510281 0.6651320771612681 0.025282933836841704 0.01969151577677053
6 0.5432357813364153 0.6551226520358773 0.02507931059755917 0.01836163811607001
6 0.5947379370278314 0.6649752383420611 0.025975000261757853 0.019257327780269052
6 0.6558687566093815 0.6746039022321941 0.025527155429658423 0.017018103619772518
6 0.7396157402119454 0.6746039022321954 0.025527155429658242 0.01791379328397049
6 0.8094795340194315 0.6851282557865289 0.02642284509385684 0.019257327780267987
6 0.8580706983022024 0.6943090748445634 0.025079310597559256 0.018809482948169885
6 0.927710569693639 0.6940851524285137 0.025527155429658423 0.01746594845187204
6 0.9751821218961615 0.7041616611507482 0.02642284509385675 0.019705172612366796
6 0.3189645611038322 0.9091713903352258 0.025972298500118153 0.018304286561988903
6 0.3852557610850862 0.8897540052660894 0.025972298500118195 0.017562220890555834
6 0.43806610136865964 0.8991535037708938 0.026219653723928805 0.020035773128664048
6 0.48852656702603225 0.9090477127233211 0.026219653723928805 0.01855164178579898
6 0.5635988774525641 0.8995245366066108 0.02547758805249689 0.020283128352473766
6 0.6087412057980076 0.9091713903352258 0.02621965372392889 0.017809576114367332
6 0.6547492774267883 0.8997718918304212 0.025230232828686194 0.020283128352473055
6 0.6990258624888946 0.8902487157137113 0.025724943276307588 0.01904635223342055
6 0.7451576117295808 0.8995245366066105 0.024982877604875407 0.019293707457230625
6 0.7909183281345511 0.8897540052660895 0.025972298500118375 0.01805693133817705
6 0.8581989490110475 0.8798597963136642 0.025477588052497068 0.019541062681041766
6 0.9059385072065023 0.8896303276541844 0.025477588052495826 0.019293707457230625
6 0.9534307101781472 0.8997718918304212 0.02547758805249689 0.020283128352473055
6 0.9945867700093931 0.9091713903352258 0.010826459981213787 0.017809576114367332
