6 0.5082393350614763 0.37050647525981634 0.026428445423196844 0.021346052072582066
6 0.5616044652429315 0.33086380712502106 0.023379009412827844 0.01931309473233611
6 0.603788330053034 0.34102859382625067 0.026428445423196577 0.019313094732336066
6 0.6469886735332594 0.35170161986254167 0.027444924093319757 0.0182966160622132
2 0.3079930370472546 0.3502690649738854 0.022362530742704 0.053689043283457846
3 0.33594620047563584 0.32222373842897606 0.023379009412827934 0.06098872020737711
3 0.3638993639040171 0.35068514119241867 0.024395488082950844 0.052856890846393514
6 0.6879865285858472 0.33185232555317346 0.02482147475682277 0.01834630742895591
6 0.7300751162169814 0.34156507654497364 0.026979863866111488 0.01834630742895591
6 0.7705449120161489 0.35235702209141834 0.02374228020217819 0.018346307428955776
6 0.8099355132606721 0.34156507654497364 0.024821474756822857 0.020504696538244892
6 0.8525636981691284 0.33131272827585123 0.028059058420756244 0.017267112874311506
6 0.9173153714477964 0.34156507654497364 0.025900669311467082 0.020504696538244892
6 0.9575238896265642 0.33140857712893573 0.026457308625311704 0.019233804277430665
7 0.9943472909450953 0.3618512517823619 0.011305418109809118 0.03533227711006228
2 0.21677570985520714 0.5847951251468183 0.022468115800731648 0.054505984627699976
3 0.24423674027832307 0.5565019422866394 0.021635963363667222 0.05949889925008352
3 0.27148973259217385 0.5856272775838834 0.02205203958219961 0.055338137064763517
6 0.3191304596140946 0.585835315693149 0.02496457311192395 0.017475201178346732
6 0.35636928117271455 0.5758494864483794 0.026212801767520187 0.019139506052475053
6 0.3934000646220682 0.5660716953128758 0.026212801767520187 0.01789127739687881
4 0.42190128559151485 0.5560858660681062 0.014978743867154342 0.06033105168714954
6 0.44686585870343887 0.5565019422866383 0.024964573111923995 0.019555582271007045
6 0.4841046802620587 0.5669038477499398 0.025380649330455984 0.018723429833942883
6 0.5211354637114126 0.5756414483391132 0.025380649330455897 0.019555582271007222
6 0.5592064377070967 0.586251391911681 0.024964573111923995 0.01997165848953921
6 0.5966532973749826 0.5758494864483794 0.025796725548987976 0.019139506052475053
6 0.6561521966250728 0.5856272775838837 0.02579672554899002 0.017059124959814476
6 0.7196038199512081 0.5956131068286525 0.02454849689339165 0.019555582271007132
5 0.7703651186121203 0.60518285985489 0.025380649330456074 0.01705912495981483
7 0.8223746459286284 0.5956131068286525 0.020387734708071294 0.06282750899834193
0 0.8612777723613766 0.5949889925008544 0.0024964573111923016 0.0765580242099003
6 0.893070727348723 0.6161219821061137 0.02298105327019062 0.019621719175353915
6 0.9384087195613038 0.6054045033205211 0.025061434362850042 0.01780848077952175
7 0.9845197596233838 0.5950286339926082 0.022564977051657033 0.06180841540236477
2 0.21567674796050182 0.8177067681134066 0.024324445258703208 0.055946224095017705
3 0.24324445258703217 0.789733656065898 0.021081185890876063 0.0583786686208879
3 0.2712175646345409 0.8197338052182985 0.021892000732832883 0.05837866862088772
6 0.32027186257292567 0.8014904712742711 0.025946074942616713 0.018648741365005873
6 0.36405586403859147 0.8095986196938387 0.02594607494261658 0.018648741365005606
6 0.41189393971404115 0.7998688415903576 0.02594607494261676 0.0170271116810925
6 0.45851579312655577 0.7901390634868763 0.025135260100659897 0.018648741365005873
6 0.5067592762229836 0.7812201002253519 0.025946074942616894 0.018648741365005606
6 0.5659487596858283 0.8006796564323142 0.025946074942616894 0.017027111681092055
6 0.6137868353612779 0.7909498783288331 0.025946074942616627 0.01864874136500596
6 0.6608140961947708 0.8010850638532929 0.02432444525870343 0.019459556206962426
6 0.707030542186307 0.8100040271148172 0.025946074942616894 0.017837926523048962
6 0.7544632104407782 0.8209500274812335 0.025135260100659983 0.020270371048919423
6 0.8233824720071039 0.810814841956774 0.026756889784573447 0.019459556206962426
6 0.8720313625245104 0.8014904712742711 0.02837851946848726 0.018648741365005696
6 0.9223018827258302 0.7909498783288331 0.025135260100659806 0.01864874136500596
6 0.9705453658222585 0.782436322488287 0.025946074942616804 0.01945955620696287
3 0.244189018322847 0.9976486903405629 0.021878742719890633 0.00470261931887439
4 0.7759537142605275 0.9980195164883575 0.01446221976399551 0.003960967023284745
4 0.9135302150923821 0.9978341034144602 0.01446221976399542 0.00433179317107939
8 0.16968207110604547 0.9998327071947308 0.054769175289130986 0.0003345856105381628
8 0.16993800183169552 0.8351019577964192 0.0542573138378305 0.14280934491278022
8 0.16917020965474508 0.5999016209239371 0.05374545238653024 0.1402500376562788
8 0.2615612016144475 0.36598093767970574 0.05118614513002893 0.13922631475367814
