6 0.02338247200710395 0.010814841956773957 0.026756889784573447 0.019459556206962426
6 0.07203136252451037 0.005407420978386934 0.02837851946848726 0.010814841956773869
6 0.12230188272583024 0.00013712450566805146 0.025135260100659806 0.0002742490113361029
6 0.22081588602357902 0.0009479393476246933 0.025946074942616627 0.0018958786952493866
6 0.27068099880391994 0.005407420978387023 0.026756889784573624 0.010814841956774046
6 0.34446514942198636 0.010409434535795636 0.023513630416746523 0.020270371048919423
5 0.4036546328848309 0.0045966061364302035 0.025135260100659983 0.009193212272860407
7 0.5021686361825791 0.030948088500025416 0.021081185890876243 0.06189617700005083
6 0.582497240680588 0.010409434535795636 0.026756889784573624 0.020270371048919423
6 0.6445245760902811 0.005002013557408524 0.025946074942616627 0.010004027114817049
4 0.6899302072398605 0.010677717451106083 0.016216296839135325 0.021355434902212166
6 0.7138492450775853 0.0009479393476246933 0.023513630416746346 0.0018958786952493866
6 0.7637143578579271 0.005407420978387023 0.025946074942616627 0.010814841956774046
6 0.8115524335333767 0.010409434535795636 0.025946074942616804 0.020270371048919423
6 0.8602013240507829 0.00013712450566805146 0.02594607494261645 0.0002742490113361029
6 0.909255621989168 0.005407420978387023 0.023513630416746166 0.010814841956774046
6 0.9574991050855954 0.010814841956774134 0.02594607494261645 0.01945955620696278
6 0.996587479065847 0.0005425319266463724 0.006825041868306059 0.0010850638532927449
6 0.006610871056950174 0.2255197117263985 0.013221742113900347 0.01965378583312205
6 0.06903107735701122 0.23553201771685686 0.024845351902248503 0.018170481241942937
4 0.11353021509238204 0.2255197117263985 0.01446221976399542 0.0597030097949558
6 0.1381901539207334 0.22514888557860369 0.02595783034563297 0.020395438128711696
6 0.18751003157743568 0.2359028438646516 0.025216178050043503 0.018912133537532405
6 0.2344195392734716 0.24480267141172501 0.025587004197838503 0.018912133537533828
6 0.2844810692257644 0.25444415125438924 0.025587004197838326 0.015945524355174358
6 0.33213222921739083 0.26408563109705296 0.02595783034563297 0.020395438128711696
6 0.381822933021888 0.27409793708751157 0.025216178050043326 0.016687176650763823
5 0.4305865714568986 0.25444415125438924 0.02632865649342797 0.016687176650764003
6 0.5021560179812863 0.25444415125438924 0.024845351902248503 0.015945524355174358
6 0.5520321348596815 0.26427104417095054 0.025957830345633325 0.019282959685326874
6 0.6002395340729995 0.27391252401361416 0.026699482641222794 0.017058002798558645
6 0.6523406078381627 0.2646418703187452 0.024845351902248857 0.020766264276506165
6 0.7011042462731732 0.25481497740218406 0.025957830345632437 0.018170481241942937
6 0.7736007581670481 0.24517349755952048 0.025587004197838326 0.019653785833122227
6 0.8329329418142091 0.2744687632353062 0.026328656493427617 0.017428828946353468
6 0.9026482575996237 0.26427104417095054 0.025587004197838326 0.019282959685326874
6 0.9495577652956602 0.2553712166238764 0.02521617805004368 0.018541307389737582
6 0.9922077115941834 0.24517349755952048 0.015584576811633255 0.019653785833122227
6 0.03245549509227974 0.49878732253805824 0.026498247097759275 0.02015359638420868
6 0.12333328619515864 0.479753370397413 0.02612503234990342 0.02015359638421117
6 0.23604414004759916 0.48964356121559066 0.02612503234990342 0.01903395214064396
6 0.2972513586959444 0.49916053728591264 0.02612503234990342 0.02015359638421117
6 0.35715232572679445 0.48983016858951867 0.026498247097759275 0.01940716688849964
6 0.4556810191607158 0.47004978695316313 0.025751817602047745 0.018660737392788108
6 0.515768593565494 0.47938015564955716 0.0264982470977591 0.02015359638421117
6 0.6135508575037042 0.48964356121559066 0.02575181760204721 0.01903395214064396
6 0.6975241757712437 0.49878732253805974 0.02575181760204721 0.020153596384206017
6 0.7880287521262733 0.47938015564955727 0.02537860285419171 0.020900025879922346
6 0.8781601137334402 0.48908373909380715 0.025751817602047568 0.017914307897076577
6 0.9929874061852801 0.47938015564955727 0.014025187629439629 0.01940716688849964
7 0.9296637489375355 0.7340992210611155 0.021273240627778377 0.06232686289191207
5 0.8423314979392869 0.7432429823835818 0.02649824709775892 0.01866073739278793
6 0.768621585237776 0.7335393989393276 0.025378602854195263 0.020900025879922523
6 0.7113331214419142 0.7243956376168657 0.025005388106336034 0.019780381636355492
6 0.5842534997970266 0.7141322320508323 0.02612503234990342 0.020153596384211526
6 0.5221132442790419 0.724209030242938 0.025751817602047745 0.01866073739278846
6 0.42302472872333663 0.7333527915654039 0.02612503234990342 0.019780381636355492
6 0.3620041174489165 0.724395637616863 0.025005388106336922 0.01903395214064254
6 0.30117011354843015 0.7335393989393311 0.025751817602047568 0.02015359638421259
6 0.23902985803044557 0.7439894118792932 0.02537860285419189 0.01940716688849964
6 0.17894228362566791 0.7335393989393271 0.02612503234990431 0.02015359638421277
6 0.06137963805110207 0.724209030242938 0.02612503234990342 0.01866073739278846
6 0.0012356323484427278 0.9762543088639157 0.0024712646968854555 0.020154326996487625
7 0.054707989769407564 0.9824716034890576 0.02138826538402654 0.03505679302188476
6 0.09563361295615982 0.986537128760083 0.02591270613834116 0.018509075813101815
6 0.13841014372421548 0.976871278057686 0.025912706138341336 0.01974301420064073
6 0.1805697052985006 0.966999770957365 0.026324018934188054 0.018097763017254208
6 0.22314057966863254 0.9766656216597627 0.025090080546648075 0.020154326996487625
6 0.26468317204914815 0.966999770957365 0.026735331730034596 0.018097763017254208
6 0.3300819065887711 0.9569226074591215 0.025912706138341512 0.020154326996487625
6 0.3720358117651334 0.9669997709573653 0.02591270613834116 0.01892038860894729
6 0.41542931172695674 0.9569226074591197 0.026324018934187877 0.020154326996491178
6 0.4567662477095483 0.9466397875629525 0.026735331730034416 0.01933170140479845
6 0.49954277847760614 0.9569226074591215 0.02591270613834116 0.020154326996487625
6 0.5414966836539683 0.9468454439608776 0.02591270613834116 0.01974301420064073
6 0.6105972333562115 0.936973936860557 0.025090080546648075 0.02056563979233452
1 0.6525511385325731 0.9149687022827596 0.017686450221407135 0.05634985303099569
6 0.6799034394563778 0.9277193989540068 0.024678767750801002 0.020154326996487625
6 0.7276157237745803 0.9375909060543137 0.026324018934184325 0.019331701404788505
6 0.7726544749198063 0.9468454439608776 0.02591270613834116 0.01974301420064073
6 0.8119348469231646 0.9575395766528914 0.025501393342494794 0.019743014200641083
6 0.8964596264696587 0.9182592046495331 0.02509008054664825 0.020154326996488336
2 0.9331681989848881 0.9153800150786061 0.023033516567414834 0.05717247862268948
6 0.9627827202858498 0.92730808615816 0.025501393342494794 0.020154326996487625
6 0.9988721539664089 0.937590906054327 0.0022556920671821246 0.020154326996487625
