7 0.9687097961678024 0.29158265396162436 0.0242184963554962 0.18210818449259006
3 0.5035340090925137 0.34908785441973733 0.02176789327735893 0.17467569406663755
4 0.5711958773629712 0.3789105338945296 0.014149130630283401 0.17041531128452458
6 0.9155444990224086 0.23542947728547298 0.02488872848322643 0.05955948902315667
6 0.863361828799173 0.26275316039403324 0.025934473377480317 0.051577289463351786
6 0.7964341555669656 0.3201635956895466 0.02593447337747943 0.050963274112595956
6 0.7301339292713124 0.34932932485037277 0.02551617541977862 0.05771744297089232
6 0.684225728413596 0.376653007958934 0.025725324398629113 0.05219130481410657
6 0.6401998683655357 0.3502503478765039 0.025516175419778797 0.05833145832164711
6 0.5959648593386242 0.3781880463358199 0.02572532439862929 0.051577289463351786
6 0.5324881442574536 0.34932932485037277 0.02593447337747996 0.05771744297089232
6 0.46336440674731616 0.32077761104030345 0.025725324398629113 0.050963274112598045
6 0.0019522386923051193 0.26349799711145555 0.0039044773846102386 0.05301117457079501
6 0.058198949011047496 0.2344507781685553 0.025477588052497068 0.057368257412232705
6 0.10593850720650222 0.26313490687466956 0.025477588052495826 0.05664207693865871
6 0.1534307101781473 0.29290830629114484 0.02547758805249689 0.059546798832948424
6 0.20203601165693996 0.32050316428690123 0.025724943276307498 0.052284994097225194
6 0.25002292507620594 0.29218212581757347 0.025230232828686285 0.05809443788580357
6 0.29825719371928255 0.2653134482953879 0.02572494327630732 0.05518971599151386
6 0.34587307430283243 0.2921821258175719 0.024982877604875497 0.05664207693865871
6 0.3941073429459091 0.32050316428690123 0.025477588052496537 0.052284994097225194
