6 0.03633403111805196 0.010409434535795636 0.07266806223610392 0.020270371048919423
6 0.17837429348380096 0.00013712450566805146 0.07687725908923392 0.0002742490113361029
6 0.3237203614493867 0.005407420978387023 0.06967001604961827 0.010814841956774046
6 0.4666640150684311 0.010814841956774134 0.07687725908923392 0.01945955620696278
6 0.6096076686874781 0.0005425319266463724 0.07447484474269572 0.0010850638532927449
6 0.0975790868569159 0.2744687632353062 0.07801083405460034 0.017428828946353468
6 0.30414298548036656 0.26427104417095054 0.07581334577137282 0.019282959685326874
6 0.4431341193945486 0.2553712166238764 0.07471460162975906 0.018541307389737582
6 0.5837733695211513 0.24517349755952048 0.07471460162975906 0.019653785833122227
0 0.6979525627382878 0.26400529845771636 0.008260469780496906 0.07666748515023478
0 0.7280315547017063 0.2641446938852643 0.0075778682732542775 0.07694627600532637
6 0.0010637830420284478 0.47938015564955727 0.0021275660840568956 0.020900025879922346
6 0.2315855221731561 0.48908373909380715 0.07630168178384464 0.017914307897076577
6 0.5891873219898784 0.47938015564955727 0.07630168178384358 0.01940716688849964
0 0.6661733618985343 0.733539398939332 0.009952393276152962 0.07613580856257549
7 0.3841888857408459 0.7340992210611155 0.0630318240823063 0.06232686289191207
5 0.12542666056084995 0.7432429823835818 0.0785133247341005 0.01866073739278793
6 0.03657117569542518 0.9575395766528914 0.07314235139085036 0.019743014200641083
6 0.2858063006508405 0.9182592046495331 0.0743409793974763 0.020154326996488336
2 0.39457244143670567 0.9153800150786061 0.06824745649604395 0.05717247862268948
6 0.4823191712173327 0.92730808615816 0.07555968397776235 0.020154326996487625
6 0.6236889025305637 0.937590906054327 0.07555968397776235 0.020154326996487625
