2 0.21567674796050182 0.022839940080457755 0.024324445258703208 0.04567988016091551
3 0.24324445258703217 0.009461495188170943 0.021081185890876063 0.018922990376341885
3 0.2712175646345409 0.024461569764371215 0.021892000732832883 0.04892313952874243
6 0.32027186257292567 0.005407420978387023 0.025946074942616713 0.010814841956774046
6 0.36405586403859147 0.009598619693838729 0.02594607494261658 0.018648741365005606
6 0.41189393971404115 0.004191198715451971 0.02594607494261676 0.008382397430903943
6 0.5659487596858283 0.004596606136430115 0.025946074942616894 0.00919321227286023
6 0.6137868353612779 0.00013712450566805146 0.025946074942616627 0.0002742490113361029
6 0.6608140961947708 0.005407420978387023 0.02432444525870343 0.010814841956774046
6 0.707030542186307 0.010004027114817227 0.025946074942616894 0.017837926523048962
6 0.7544632104407782 0.02095002748123358 0.025135260100659983 0.020270371048919423
6 0.8233824720071039 0.010814841956773957 0.026756889784573447 0.019459556206962426
6 0.8720313625245104 0.005407420978386934 0.02837851946848726 0.010814841956773869
6 0.9223018827258302 0.00013712450566805146 0.025135260100659806 0.0002742490113361029
2 0.21693329645993248 0.25444415125438924 0.021507916572095852 0.05451144372582881
3 0.244189018322847 0.22570512480029575 0.021878742719890633 0.060815488238340265
3 0.27125932711186423 0.25481497740218406 0.021878742719890674 0.056736400612597396
6 0.31965213939907994 0.23534660464295953 0.02595783034563297 0.018541307389737582
6 0.38065304071131734 0.2550003904760815 0.026328656493427794 0.017799655094148114
6 0.4283042007029435 0.24517349755952056 0.02595783034563288 0.020395438128711342
6 0.47669701299015915 0.25481497740218406 0.025587004197838326 0.01742882894635365
6 0.524162759907888 0.2359028438646516 0.026328656493427617 0.017428828946353468
7 0.5953613802844812 0.2646418703187452 0.022620395015480188 0.06304044512510884
6 0.6409729964632362 0.24535891063341797 0.02558700419783815 0.020024611980916873
6 0.6875116780114781 0.23571743079075444 0.02595783034563288 0.01854130738973776
6 0.7351628380031043 0.24535891063341797 0.02558700419783797 0.020024611980916873
4 0.7759537142605275 0.22551971172639843 0.01446221976399551 0.05896135749936633
6 0.8004282400149814 0.2255197117263985 0.02558700419783806 0.01965378583312205
6 0.8690310773570111 0.23553201771685686 0.024845351902248503 0.018170481241942937
4 0.9135302150923821 0.2255197117263985 0.01446221976399542 0.0597030097949558
6 0.9381901539207333 0.22514888557860369 0.02595783034563297 0.020395438128711696
6 0.987450971276207 0.2359028438646516 0.025098057447586086 0.018912133537532405
2 0.3081405936827732 0.48835527292282394 0.021498180954612024 0.05425731383783035
8 0.2620730630657473 0.5029433242848822 0.053233590935229856 0.13973817620497844
8 0.16968207110604547 0.26902264104065077 0.054769175289130986 0.13871445330237792
8 0.16993800183169552 0.05325331512640465 0.0542573138378305 0.1065066302528093
3 0.3357066656962593 0.4595997740132017 0.022019670123490088 0.060460789152633865
3 0.36351116441151365 0.48964356121559066 0.02164645537563432 0.05635542692622018
7 0.44823091217477157 0.509983764973734 0.023139314367057295 0.06046078915263493
6 0.5383622737819388 0.47993997777134095 0.02575181760204792 0.020526811132067023
6 0.5952775228299427 0.4900167759634466 0.025378602854192068 0.018287522644932074
6 0.6512597350083071 0.4791935482756292 0.0253786028541918 0.019780381636355315
6 0.7415777039894019 0.509610550225874 0.02612503234990342 0.017914307897076577
6 0.8324554950922798 0.49878732253805824 0.026498247097759275 0.02015359638420868
6 0.9233332861951586 0.479753370397413 0.02612503234990342 0.02015359638421117
6 0.978942283625668 0.7335393989393271 0.02612503234990431 0.02015359638421277
6 0.8613796380511021 0.724209030242938 0.02612503234990342 0.01866073739278846
6 0.7669563068435942 0.7139456246769007 0.025378602854192068 0.020526811132066846
6 0.7081749840563111 0.7042420412326545 0.026498247097759185 0.01754109314922072
6 0.6493936612690284 0.6945384577884044 0.0253786028541918 0.02052681113206667
6 0.5904257311078178 0.6846482669702268 0.02612503234990342 0.01866073739278846
7 0.5325774451901746 0.7340992210611155 0.02090002587992279 0.03321611255916235
6 0.43647464761731547 0.7436161971314376 0.025751817602047655 0.017914307897076577
6 0.37787993220396043 0.7335393989393318 0.025751817602047745 0.01940716688849964
6 0.3192852167906056 0.724209030242938 0.02500538810633617 0.01866073739278846
8 0.16943949552651716 0.7376447611657382 0.05225006469980627 0.13883588620234413
2 0.2166511611302706 0.7223429565036594 0.021273240627778512 0.053742923691229724
3 0.24464226721945295 0.693792028292693 0.022019670123489998 0.061580433396200895
3 0.2715137290650678 0.7238358154950764 0.022019670123489866 0.05747507116978774
8 0.26180059455641536 0.9649908096655795 0.05388197625591586 0.07001838066884111
2 0.3080732840891679 0.9793867575202085 0.022210890975720998 0.04122648495958288
3 0.3354255850129724 0.9567169510611968 0.022622203771567807 0.060874293785305865
3 0.363189198732622 0.9793867575201967 0.021388265384027737 0.04122648495960668
0 0.4004130067567493 0.9793867575202156 0.00287918957092681 0.04122648495956867
6 0.44812529107496496 0.9764599652618389 0.025090080546647808 0.02056563979233452
6 0.4917244474347138 0.9667941145594423 0.025912706138341336 0.019331701404794187
7 0.5351179473965381 0.9894639210184561 0.020565639792334257 0.02107215796308779
6 0.5760435705832846 0.9468454439608776 0.025912706138341336 0.02056563979233452
6 0.6182031321575698 0.9571282638570446 0.025501393342494617 0.020565639792333813
6 0.6615966321193952 0.9665884581615188 0.025912706138341336 0.0180977630172535
6 0.7037561936936806 0.976871278057686 0.024678767750801266 0.01974301420064073
6 0.7465327244617361 0.9867427851580061 0.025501393342494884 0.018920388608948003
6 0.7893092552297915 0.9762543088639157 0.026324018934188054 0.020154326996487625
7 0.8547079897694075 0.9824716034890576 0.02138826538402654 0.03505679302188476
6 0.89563361295616 0.986537128760083 0.02591270613834116 0.018509075813101815
6 0.9384101437242155 0.976871278057686 0.025912706138341336 0.01974301420064073
6 0.9805697052985007 0.966999770957365 0.026324018934188054 0.018097763017254208
