6 0.0012356323484427278 0.17625430886391574 0.0024712646968854555 0.020154326996487625
7 0.054707989769407564 0.19579166666661738 0.02138826538402654 0.06169691937700428
6 0.09563361295615982 0.186537128760083 0.02591270613834116 0.018509075813101815
6 0.13841014372421548 0.17687127805768607 0.025912706138341336 0.01974301420064073
6 0.1805697052985006 0.166999770957365 0.026324018934188054 0.018097763017254208
6 0.22314057966863254 0.17666562165976263 0.025090080546648075 0.020154326996487625
6 0.26468317204914815 0.166999770957365 0.026735331730034596 0.018097763017254208
6 0.3300819065887711 0.15692260745912154 0.025912706138341512 0.020154326996487625
6 0.3720358117651334 0.16699977095736535 0.02591270613834116 0.01892038860894729
6 0.41542931172695674 0.15692260745911976 0.026324018934187877 0.020154326996491178
6 0.4567662477095483 0.1466397875629525 0.026735331730034416 0.01933170140479845
6 0.49954277847760614 0.15692260745912154 0.02591270613834116 0.020154326996487625
6 0.5414966836539683 0.14684544396087756 0.02591270613834116 0.01974301420064073
6 0.6105972333562115 0.136973936860557 0.025090080546648075 0.02056563979233452
1 0.6525511385325731 0.1149687022827596 0.017686450221407135 0.05634985303099569
6 0.6799034394563778 0.1277193989540068 0.024678767750801002 0.020154326996487625
6 0.7276157237745803 0.13759090605431368 0.026324018934184325 0.019331701404788505
6 0.7726544749198063 0.14684544396087756 0.02591270613834116 0.01974301420064073
6 0.8119348469231646 0.15753957665289137 0.025501393342494794 0.019743014200641083
6 0.8964596264696587 0.11825920464953317 0.02509008054664825 0.020154326996488336
2 0.9331681989848881 0.11538001507860614 0.023033516567414834 0.05717247862268948
6 0.9627827202858498 0.12730808615815992 0.025501393342494794 0.020154326996487625
6 0.9988721539664089 0.137590906054327 0.0022556920671821246 0.020154326996487625
7 0.0020582579401360766 0.43003430390132136 0.004116515880272153 0.06293085776454248
6 0.06930959402197204 0.3917822138875794 0.025912706138341336 0.02097695258818142
6 0.11763884753395706 0.37224485608485247 0.025501393342493194 0.020565639792333813
3 0.16288325507707963 0.38026545560383906 0.021388265384029204 0.05799510421438399
6 0.1912638379905144 0.3810880811955597 0.026324018934187697 0.020154326996487625
6 0.24041571709419357 0.3718335432890134 0.026735331730034416 0.019743014200644993
6 0.29018456539164256 0.3917822138875794 0.02591270613834116 0.02097695258818142
4 0.32781968621161434 0.3804711120017954 0.014807260650480814 0.058406417010229104
6 0.3527041103603392 0.3817050503893352 0.02591270613834116 0.020565639792334167
6 0.4026786150557097 0.37203919968693633 0.02550139334249444 0.01933170140479703
5 0.47465835432886844 0.39157655748960724 0.02467876775080029 0.02056563979234447
7 0.5244272026263308 0.43147389868678465 0.021388265384027782 0.03537290044281498
1 0.5696716101694667 0.34921133951744726 0.018097763017254388 0.055938540235149145
6 0.5953786599098844 0.3615507233928481 0.02591270613834116 0.02056563979233452
6 0.6556359845014241 0.37203919968693866 0.02550139334249497 0.020154326996486914
6 0.7109575555428027 0.38129373759348884 0.025912706138341512 0.01974301420064144
6 0.7806750744388166 0.39137090109173195 0.02550139334249426 0.0201543269964894
6 0.8267421075736454 0.4012424081920528 0.025501393342494794 0.018509075813101107
6 0.8715862774851173 0.4111139152923732 0.02509008054664825 0.020154326996487625
6 0.9168306850282526 0.4211910787906172 0.025090080546647898 0.018920388608946938
6 0.9639260001526969 0.41090825889444726 0.02550139334249444 0.019743014200647124
6 0.9981475352491183 0.40106542133393785 0.0037049295017634876 0.018946722853125663
0 0.03630377459574241 0.4296408495941817 0.002285398136161376 0.07713218709543775
0 0.5286266647677119 0.6646604940657415 0.0027667427119466128 0.07840177667243609
7 0.4769985715529204 0.6644240049594323 0.022445079485148157 0.0625933202543564
7 0.9687097961678024 0.8993203415056783 0.0242184963554962 0.06203060034278849
3 0.5035340090925137 0.9189080504117231 0.02176789327735893 0.05949890829144842
4 0.5711958773629712 0.9290664006078242 0.014149130630283401 0.05804771540629119
6 0.011345478283179933 0.6851282557865289 0.022690956566359867 0.019257327780267987
6 0.05807069830220239 0.6943090748445634 0.025079310597559256 0.018809482948169885
6 0.127710569693639 0.6940851524285137 0.025527155429658423 0.01746594845187204
6 0.17518212189616147 0.7041616611507482 0.02642284509385675 0.019705172612366796
6 0.22399720859498223 0.7140142474569318 0.02642284509385693 0.01791379328397049
6 0.2721405280456538 0.7041616611507473 0.025975000261757763 0.01970517261236786
5 0.3424521666852394 0.6949808420927118 0.025975000261757586 0.01836163811607001
6 0.5605525999175839 0.6952047645087616 0.025975000261757586 0.01791379328397049
6 0.6104872986966441 0.7041616611507464 0.0255271554296586 0.01970517261237035
6 0.658824993688973 0.6944579696455865 0.025586249178453712 0.01731589322181435
6 0.7086961589391217 0.6845342959855862 0.026143622356330453 0.019660004011961264
6 0.757532445500747 0.6942597235021417 0.025934473377480137 0.017777663202305404
6 0.8081464983826028 0.6846388704750123 0.025934473377480137 0.01945085503311006
6 0.8572965084125045 0.6744951450007554 0.025934473377479606 0.01715021626575286
6 0.9067602419106817 0.684638870475012 0.025725324398629467 0.01903255707540872
6 0.9555965284723067 0.694155149012718 0.02593447337747996 0.01673191830804832
6 0.9962033743750102 0.6848480194538625 0.007593251249979715 0.020287450948513096
6 0.9155444990224086 0.8801931657003642 0.02488872848322643 0.020287450948512743
6 0.863361828799173 0.8895002952592176 0.025934473377480317 0.0175685142234542
6 0.7964341555669656 0.9090557247817518 0.02593447337747943 0.017359365244603
6 0.7301339292713124 0.9189903012771582 0.02551617541977862 0.0196600040119602
6 0.684225728413596 0.9282974308360119 0.025725324398629113 0.01777766320230505
6 0.6401998683655357 0.9193040247454342 0.025516175419778797 0.019869152990811045
6 0.5959648593386242 0.9288203032831387 0.02572532439862929 0.0175685142234542
6 0.5324881442574536 0.9189903012771582 0.02593447337747996 0.0196600040119602
6 0.46336440674731616 0.9092648737606034 0.025725324398629113 0.017359365244603707
6 0.0019522386923051193 0.8897540052660895 0.0039044773846102386 0.01805693133817705
6 0.058198949011047496 0.8798597963136642 0.025477588052497068 0.019541062681041766
6 0.10593850720650222 0.8896303276541844 0.025477588052495826 0.019293707457230625
6 0.1534307101781473 0.8997718918304212 0.02547758805249689 0.020283128352473055
6 0.20203601165693996 0.9091713903352258 0.025724943276307498 0.017809576114367332
6 0.25002292507620594 0.8995245366066109 0.025230232828686285 0.019788417904851842
6 0.29825719371928255 0.8903723933256165 0.02572494327630732 0.01879899700960941
6 0.34587307430283243 0.8995245366066105 0.024982877604875497 0.019293707457230625
6 0.3941073429459091 0.9091713903352258 0.025477588052496537 0.017809576114367332
