8 0.1689998811086218 0.3642459700194299 0.0532133953016453 0.1391516058957461
8 0.16931534868705314 0.5910386205428729 0.05349795891288407 0.14000529672946227
8 0.16888850327019572 0.8068801196674615 0.053213395301645684 0.14028986034069996
2 0.2174065989864013 0.791798248271808 0.02219596167662221 0.05492077696907689
3 0.2450092692765596 0.7927942209111439 0.02105770723166698 0.055774467802793645
3 0.24500926927655983 0.5758144673416006 0.021626834454144594 0.05662815863651005
2 0.21740659898640144 0.575103058313504 0.021626834454144907 0.05463621335783912
2 0.217406598986401 0.3494441146011786 0.022195961676622078 0.05406708613536151
3 0.24500926927655992 0.3501555236292759 0.021057707231667423 0.056628158636510495
0 0.8066651259670443 0.5858881064195951 0.0027924366108768696 0.07783917052819156
0 0.28755699645009264 0.5858881064195949 0.0037658984613160307 0.0771410613754722
0 0.5477635054851486 0.8024197688220882 0.004305798678641981 0.07799367151995149
0 0.9816014092090766 0.8022818620633659 0.0037248800738655776 0.07755391333279178
6 0.36628726546214113 0.37028603473574534 0.027191631060508304 0.018394338658579156
6 0.46585662037488473 0.34069514211107454 0.024792369496345844 0.019993846368020752
6 0.5394339750092014 0.3504921268314047 0.026391877205787395 0.017994461731218703
6 0.5898184678566135 0.3410950190384351 0.026391877205787485 0.01999384636802066
6 0.6573976685805242 0.34069514211107466 0.025592123351066576 0.01999384636802084
6 0.7311749616785209 0.3506920652950849 0.025992000278427164 0.019194092513299975
6 0.7807597006712125 0.34069514211107454 0.025192246423706165 0.019993846368020752
6 0.8501383475682445 0.34089508057475476 0.0255921233510664 0.02039372329538125
6 0.9231158868115206 0.3504921268314047 0.025992000278427164 0.017994461731218703
6 0.9731005027315728 0.34069514211107454 0.02599200027842734 0.019993846368020752
6 0.9849693134644252 0.5668897200046625 0.02696474773971964 0.019908552069512274
6 0.9394820520904119 0.5573134544522388 0.02620872677505428 0.017892496163739047
6 0.8953808291516193 0.5671417269928852 0.02570471279861266 0.02041256604595576
6 0.8389312637899629 0.5764659855570862 0.025704712798611064 0.01738848218729583
6 0.7716453979347756 0.5668897200046625 0.025704712798611064 0.01990855206951192
6 0.7255281190902083 0.5762139785688646 0.025704712798611064 0.017388482187295738
6 0.6684485362579984 0.5668897200046625 0.025452705810389453 0.019908552069512454
6 0.6213232294605447 0.567267730486995 0.026964747739719463 0.02016055905773424
6 0.5760879750747537 0.5763399820629754 0.025704712798611064 0.01612844724618734
6 0.5183783747719897 0.5668897200046625 0.02620872677505437 0.019404538093069322
6 0.47314312038619866 0.5763399820629754 0.025452705810389453 0.017640489175517436
6 0.42702584154163176 0.5667637165105518 0.025452705810389276 0.019656545081290843
6 0.38040454872062146 0.5568094404757955 0.025956719786832762 0.017892496163739047
6 0.33441327337016535 0.5961225306383771 0.025704712798611064 0.017892496163739047
6 0.2978887459753722 0.812812927934312 0.026801364677368954 0.017397377071274887
6 0.3500808771891958 0.7930645539615138 0.02586096591675946 0.017397377071274357
6 0.4015677093325623 0.783425466665267 0.026331165297064186 0.019748373972798116
6 0.4523492424054719 0.7735512796788679 0.027271564057673635 0.018807975212188577
6 0.5059519717602099 0.7737863793690203 0.026331165297064186 0.018337775831883896
6 0.5804785735385073 0.8121076288638538 0.025860965916760303 0.018807975212188667
6 0.6423097920485781 0.7930645539615139 0.02539076653645491 0.01645697831066508
6 0.7283388400920081 0.7835872672778126 0.025390766536454733 0.020218573353102797
6 0.8082727347438101 0.7737130802914136 0.025390766536454733 0.019278174592493702
6 0.88397483497287 0.7739481799815658 0.025390766536454733 0.017867576451579215
6 0.9380477637079124 0.7734779806012612 0.026331165297064273 0.015986778930360223
