0 0.044217723687797236 0.03792962375964119 0.003869599955788061 0.07585924751928239
0 0.42005261939372784 0.32577091133060493 0.003547133292805782 0.07803693244172863
0 0.0816238565937498 0.6343715078047154 0.003224666629823858 0.07739199911576407
0 0.47164728547090473 0.634532741136207 0.002902199966841046 0.07642459912681794
0 0.9328375676670329 0.9064728592810006 0.003219054588128856 0.0768996373830774
0 0.19191590405868686 0.9065705059562885 0.003755563686150332 0.07725731011509147
6 0.0071972742446887675 0.8681492288784837 0.014394548489377535 0.0212350939352401
6 0.05083856105391291 0.8776189329306858 0.026974308512333067 0.019513329562112956
6 0.1019175707900331 0.8678846112323951 0.026974308512333067 0.01893940810440391
6 0.15127481615302568 0.8589888286379024 0.026974308512333244 0.019513329562113668
6 0.22444980201095072 0.8779282367423062 0.026400387054624018 0.017217643731276055
6 0.24453705303077317 0.8871109800656543 0.02640038705462384 0.019513329562113668
6 0.29418125912261994 0.8678846112323951 0.026974308512333067 0.020087251019822717
6 0.3162772352444253 0.8785021582000155 0.025252544139205392 0.019513329562112602
6 0.3676432057093996 0.8876849015233637 0.025826465596914795 0.019513329562112956
6 0.4161395688858291 0.8779282367423065 0.02640038705462384 0.018365486646694507
6 0.4660707357065309 0.8974415663044194 0.026400387054624018 0.01836548664669522
6 0.51772366690036 0.8876849015233628 0.026400387054624375 0.02066117247753212
6 0.566220030076789 0.9069112703566218 0.025826465596914795 0.021235093935240812
6 0.6342505137755814 0.8977061839505082 0.02582646559691515 0.019513329562113668
6 0.7145995178548715 0.8977061839505079 0.026974308512333244 0.01836548664669522
6 0.7653915668621372 0.8876625584405968 0.026400387054624375 0.02008725101982307
6 0.8153227336828388 0.9077498094604193 0.02525254413920557 0.020087251019822006
6 0.8775932118442891 0.9172195135126213 0.025826465596914615 0.019513329562113314
6 0.005478682042181227 0.6353017429294185 0.010957364084362453 0.01969139694255837
6 0.05083244289304325 0.6448192514516545 0.026583385872453746 0.0177222572483025
6 0.11400900808375133 0.644655156477134 0.02625519592341128 0.016737687401174383
6 0.19671287524249664 0.6254560444581394 0.025598816025326165 0.01903501704447308
6 0.26399181479623757 0.6152821560378173 0.026255195923410746 0.01969139694255837
6 0.3248710503436474 0.6154462510123386 0.02527062607628352 0.020019586891600837
6 0.4039648280629232 0.6154462510123386 0.025927005974368634 0.020019586891600837
7 0.5053755223170926 0.6456397263242544 0.025927005974367746 0.05415134159203276
6 0.5468915508709874 0.6059287424900932 0.0255988160253283 0.019363206993515902
6 0.5895562442465362 0.6159385359359024 0.025598816025325634 0.02034777684064366
6 0.6305799878768573 0.6056005525410451 0.025598816025328475 0.01870682709542244
6 0.67209601643076 0.6254560444581394 0.02527062607628352 0.0177222572483025
6 0.7126274751375261 0.6156103459868598 0.025598816025325634 0.01969139694255908
6 0.7539794087168987 0.6353017429294183 0.025598816025325988 0.02034777684064366
6 0.8110844598503182 0.6249637595345753 0.024942436127240876 0.018050447197344964
6 0.8786915893531017 0.6256201394326606 0.026255195923410923 0.018050447197344964
6 0.9185666681617809 0.6157744409613797 0.0259270059743681 0.019363206993518744
6 0.9612313615373254 0.6351376479548969 0.025927005974368457 0.019363206993515902
6 0.010369407628494188 0.04663875497376786 0.020738815256988376 0.018003922534154525
6 0.07643094896263962 0.04675878112399552 0.02544554384827169 0.016803661031877228
6 0.17917333355754775 0.026834440186198093 0.02640575305009314 0.01872407943552048
6 0.27879503824653584 0.01759242661866516 0.02640575305009296 0.019444236336886432
6 0.3766163506821085 0.008376121783535594 0.02568559614872683 0.01675224356707119
6 0.4785185522254225 0.008016043332852617 0.02544554384827169 0.016032086665705235
6 0.5908630288385466 0.008016043332852617 0.025445543848271867 0.016032086665705235
6 0.6520763654546721 0.008136069483080455 0.02544554384827169 0.01627213896616091
6 0.7305734677035856 0.008016043332852617 0.02544554384827169 0.016032086665705235
6 0.7941873273242648 0.007896017182624782 0.02544554384827169 0.015792034365249563
6 0.8802228669634122 0.007655964882169286 0.02568559614872683 0.015311929764338572
6 0.9720428718876002 0.0077759910323973004 0.025925648449182503 0.015551982064794601
6 0.007173466459318778 0.28755099845495397 0.014346932918637556 0.019834941715858534
6 0.047553745454180785 0.2871052694276294 0.026298012612041434 0.01938921268853875
6 0.10728143511542712 0.28688240491396827 0.024960825530073193 0.020280670743184716
6 0.14271689278758473 0.2868824049139681 0.025852283584718805 0.019834941715862087
6 0.18015813108269435 0.28688240491396827 0.026298012612041434 0.01938921268853875
6 0.21514785972752906 0.29657701125823765 0.025852283584718628 0.01872061914755463
6 0.25114047868383993 0.28710526942762904 0.025629419071057667 0.020280670743184716
6 0.28691023312648944 0.2769649340560374 0.026298012612041788 0.0191663481748769
6 0.3230142843396312 0.28721670168445995 0.025852283584718805 0.019612077202200595
6 0.3594526323232647 0.2770763663128678 0.025629419071057136 0.01894348366121612
6 0.395668115793237 0.30705164340032204 0.025406554557396 0.02050353525684585
6 0.48882548250368857 0.2964655790014067 0.024960825530073016 0.018943483661216474
6 0.5474388495966281 0.2873281339412907 0.024069367475427407 0.019834941715861375
7 0.4545043473998388 0.32677515285934877 0.021840722338812492 0.034098270590189016
6 0.608726590853504 0.286993837170799 0.02585228358471827 0.01961207720220024
6 0.667228525689613 0.28721670168445995 0.02652087712570328 0.019612077202200595
6 0.7036668736732465 0.29657701125823743 0.026298012612041254 0.016937703038263762
6 0.7392137636022349 0.296688443515068 0.025629419071057136 0.01716056755192561
6 0.7919212210831482 0.26771605673909027 0.025406554557395822 0.01938921268853875
6 0.8339311819083157 0.2769649340560374 0.026075148098379942 0.017829161092910085
6 0.8707038266624417 0.2871052694276296 0.02518369004373433 0.019834941715861375
6 0.9069193101324139 0.286993837170799 0.025406554557395822 0.019166348174877966
6 0.9423547678045713 0.2970227402855601 0.02585228358471845 0.017829161092909728
6 0.9882395823387384 0.3068287788866607 0.023520835322523227 0.01961207720220024
