0 0.7235700606305676 0.021703260366517707 0.01001611671058537 0.043406520733035414
0 0.7227534880864501 0.27478138772017857 0.008619062546536476 0.07997173241962337
0 0.723758761879452 0.5466207846143013 0.010534409779098378 0.0806166657455881
0 0.7237111617027316 0.8366795479669265 0.010534409779097323 0.07900433243067635
6 0.004661918543665379 0.23597069036136337 0.009323837087330759 0.019597037994797794
6 0.12194465506930632 0.2256631573900738 0.07407275276666797 0.019342531007852593
6 0.27476728286102925 0.24564195586528995 0.07634028601462839 0.01806999607312516
6 0.4278257770982789 0.2358434368678907 0.07407275276666903 0.019342531007852416
6 0.5789946602955631 0.2555677283561616 0.07709613043061414 0.020106051968688733
6 0.11011486415012613 0.5274878866256267 0.07839118651858679 0.02028564753565796
6 0.2890354889356259 0.537019696913466 0.07911703083819806 0.017352782831707537
6 0.46795611372107776 0.5276100893216247 0.07548780924011955 0.019552431359670486
6 0.010260936238924429 0.8073902038493109 0.020521872477848858 0.016803661031877047
6 0.23824888564540048 0.8072701776990832 0.07628204888717018 0.016083504130510917
6 0.5109393875084184 0.8071501515488559 0.07699496523191092 0.016803661031877228
