0 0.66545377138296 0.35950811135634064 0.009435976155014021 0.07593675529312013
0 0.7234850247363033 0.5863651962069172 0.00849237853951357 0.08038493342744521
0 0.7235700606305676 0.8028508337918587 0.01001611671058537 0.08111137388235327
6 0.10304409555268587 0.3602891115517348 0.07600444985931816 0.019194092513300065
6 0.3132439021948592 0.37028603473574545 0.07837958891742175 0.017594584803858292
6 0.48247256008474126 0.38028295791975575 0.07481688033026425 0.019993846368020797
6 0.5924778120456516 0.5568891968535029 0.07633882223253348 0.018144503151960832
6 0.4281996602805416 0.5567631933593921 0.07559040240672453 0.01839651014018253
6 0.2751478059025686 0.5669694763823699 0.07633882223253455 0.020160559057734062
6 0.12359279117621451 0.5761677314524614 0.07858408170996035 0.01839651014018253
6 0.02102938299539169 0.7838223669679616 0.04205876599078338 0.01974837397279803
6 0.2389533928060979 0.7737130802914136 0.07819928440891268 0.018337775831884163
6 0.4651727512747449 0.773477980601261 0.0754064528228818 0.017867576451579124
6 0.6243641516786058 0.7730077812209564 0.07819928440891478 0.017867576451579215
