0 0.9328375676670329 0.31402133612829675 0.003219054588128856 0.2268007738487075
0 0.19191590405868686 0.31430932632269437 0.003755563686150332 0.22785566116893338
6 0.0071972742446887675 0.2009931174296292 0.014394548489377535 0.06262884847259753
6 0.05083856105391291 0.2289221985052484 0.026974308512333067 0.057550833731577385
6 0.1019175707900331 0.20021267828909156 0.026974308512333067 0.05585816215123734
6 0.15127481615302568 0.17397626879381348 0.026974308512333244 0.05755083373157948
6 0.22444980201095072 0.2298344309450508 0.026400387054624018 0.050780147410215096
6 0.24453705303077317 0.25691717623050103 0.02640038705462384 0.05755083373157948
6 0.29418125912261994 0.20021267828909156 0.026974308512333067 0.059243505311919534
6 0.3162772352444253 0.23152710252539138 0.025252544139205392 0.05755083373157634
6 0.3676432057093996 0.2586098478108421 0.025826465596914795 0.057550833731577385
6 0.4161395688858291 0.22983443094505132 0.02640038705462384 0.054165490570896244
6 0.4660707357065309 0.2873852646766287 0.026400387054624018 0.05416549057089834
6 0.51772366690036 0.2586098478108395 0.026400387054624375 0.06093617689226063
6 0.566220030076789 0.3153143457522484 0.025826465596914795 0.06262884847259963
6 0.6342505137755814 0.2881657038171669 0.02582646559691515 0.05755083373157948
6 0.7145995178548715 0.28816570381716633 0.026974308512333244 0.05416549057089834
6 0.7653915668621372 0.2585439511612071 0.026400387054624375 0.05924350531192058
6 0.8153227336828388 0.3177874564731261 0.02525254413920557 0.05924350531191744
6 0.8775932118442891 0.34571653754874476 0.025826465596914615 0.05755083373157843
