0 0.7237111617027316 0.03809085709113234 0.010534409779097323 0.07618171418226467
0 0.7232799250713108 0.3256096779991138 0.009576736162815845 0.07900433243067617
0 0.7237735421205562 0.6345327411362007 0.009807334753932842 0.07706953245278143
0 0.39450600142413456 0.9064728592810006 0.009560069310452286 0.0768996373830774
6 0.045506030426992417 0.9077498094604193 0.07499595475216503 0.020087251019822006
6 0.23043923703176322 0.9172195135126213 0.07670040826925918 0.019513329562113314
6 0.03497826882812238 0.6249637595345753 0.06995653765624477 0.018050447197344964
6 0.2337012398421581 0.6256201394326606 0.07797366770757769 0.018050447197344964
6 0.35212374767303833 0.6157744409613797 0.0769989968612324 0.019363206993518744
6 0.47883095769785705 0.6351376479548969 0.07699899686123346 0.019363206993515902
6 0.6323416159971534 0.6448192514516545 0.07407498432219975 0.0177222572483025
6 0.010260936238924429 0.007896017182624782 0.020521872477848858 0.015792034365249563
6 0.23824888564540048 0.007655964882169286 0.07628204888717018 0.015311929764338572
6 0.5109393875084184 0.0077759910323973004 0.07699496523191092 0.015551982064794601
6 0.006867004528031343 0.26771605673909027 0.013734009056062686 0.01938921268853875
6 0.1007700994028866 0.2769649340560374 0.07743895490934181 0.017829161092910085
6 0.2099788819673444 0.2871052694276296 0.07479146927141518 0.019834941715861375
6 0.3175329860080969 0.286993837170799 0.07545334068089711 0.019166348174877966
6 0.4227705401156642 0.2970227402855601 0.0767770834998599 0.017829161092909728
6 0.5611792555137288 0.3068287788866607 0.07412959786193431 0.01961207720220024
