8 0.1691730668814338 0.32860062964067616 0.052644268079167666 0.41207958154683594
2 0.21726431718078176 0.2807624704794328 0.022480525287860688 0.16197832838806453
3 0.24515155108217881 0.28579806618061815 0.021342270842906165 0.1653353921888513
0 0.9919159040586869 0.31430932632269437 0.003755563686150332 0.22785566116893338
0 0.28739004017349856 0.3158916573030342 0.003576727320143069 0.22785566116893233
6 0.3348831705733276 0.34740920912908746 0.02582646559691475 0.05078014741021719
6 0.42757148599336603 0.2856266964466563 0.027548229970042293 0.05247281899055619
6 0.5216946050576773 0.25769761537103864 0.026400387054624108 0.05755083373157948
6 0.6155307633931342 0.25854395116120554 0.025826465596914705 0.05585816215123315
6 0.6849752597759495 0.2585439511612071 0.026974308512332623 0.05924350531192058
6 0.8014813156909202 0.2009931174296292 0.025826465596914795 0.06262884847259753
6 0.8508385610539129 0.2289221985052484 0.026974308512333067 0.057550833731577385
6 0.9019175707900331 0.20021267828909156 0.026974308512333067 0.05585816215123734
6 0.9512748161530258 0.17397626879381348 0.026974308512333244 0.05755083373157948
