0 0.23086528262982542 0.359666974861138 0.0034949971055409533 0.07816084436028259
0 0.7342267518484719 0.5860474691973224 0.003966679083269931 0.07847857136987724
0 0.00666512596704445 0.5858881064195951 0.0027924366108768696 0.07783917052819156
0 0.1816014092090766 0.8022818620633659 0.0037248800738655776 0.07755391333279178
0 0.5902881625394673 0.802027351250554 0.003938746967467743 0.07779025260748185
6 0.050138347568244604 0.34089508057475476 0.0255921233510664 0.02039372329538125
6 0.12311588681152061 0.3504921268314047 0.025992000278427164 0.017994461731218703
6 0.1731005027315728 0.34069514211107454 0.02599200027842734 0.019993846368020752
6 0.26287287292398603 0.34069514211107454 0.025592123351066576 0.019993846368020752
6 0.3374499198767036 0.3504921268314048 0.025992000278426807 0.018794215585939654
6 0.3872345973330754 0.3312980343181048 0.025592123351066576 0.01799446173121866
6 0.456813182693788 0.3408950805747547 0.025592123351067107 0.01959396944066034
6 0.5311902911828252 0.350692065295085 0.02639187720578775 0.017594584803858292
6 0.5815747840302378 0.36068898847909536 0.026391877205787572 0.01999384636802093
6 0.6515532463183102 0.35089200375876517 0.02639187720578775 0.01799446173121879
6 0.7201321393606188 0.34109501903843514 0.025992000278426807 0.01999384636802044
6 0.7771146015094809 0.35089200375876517 0.02639187720578775 0.01799446173121879
6 0.834696879049381 0.3602891115517348 0.025592123351067288 0.019194092513300065
6 0.9054750951921753 0.37028603473574545 0.026391877205788106 0.017594584803858292
6 0.962457557341034 0.38028295791975575 0.025192246423706165 0.019993846368020797
6 0.9933230159377207 0.5568891968535029 0.01335396812455869 0.018144503151960832
6 0.9441828543600886 0.5567631933593921 0.025452705810389276 0.01839651014018253
6 0.8926474252687555 0.5669694763823699 0.02570471279861124 0.020160559057734062
6 0.841616010153866 0.5761677314524614 0.026460733763275714 0.01839651014018253
6 0.7859224657568756 0.5959502800278629 0.02595671978683285 0.01764048917551726
6 0.6843636495035395 0.6060305595567299 0.02646073376327589 0.01965654508129102
6 0.6407664405411894 0.5960762835219736 0.02646073376327589 0.01738848218729556
6 0.5961612036259526 0.5766717454289045 0.025956719786833206 0.016884468210852342
6 0.5515559667107157 0.5866260214636606 0.025956719786832318 0.02016055905773424
6 0.5070342444117277 0.5762139785688645 0.025452705810389453 0.016380454234409036
6 0.4625550109906028 0.5866722685800643 0.025704712798609107 0.019152531104847537
6 0.4183277845576975 0.5763399820629754 0.025956719786833025 0.018144503151960922
6 0.3741005581247935 0.5668897200046625 0.02620872677505446 0.02041256604595576
6 0.3287393002448912 0.5760879750747537 0.02620872677505446 0.018144503151960655
6 0.284638077306098 0.5862942580977316 0.026208726775054102 0.01990855206951254
6 0.24053685436730712 0.5763399820629763 0.025200698822167134 0.016632461222631
6 0.18496931346442516 0.5668897200046625 0.02696474773971964 0.019908552069512274
6 0.139482052090412 0.5573134544522388 0.02620872677505428 0.017892496163739047
6 0.0953808291516193 0.5671417269928852 0.02570471279861266 0.02041256604595576
6 0.03893126378996277 0.5764659855570862 0.025704712798611064 0.01738848218729583
6 0.010484059006018764 0.7737130802914136 0.020968118012037528 0.019278174592493702
6 0.08397483497286995 0.7739481799815658 0.025390766536454733 0.017867576451579215
6 0.13804776370791244 0.7734779806012612 0.026331165297064273 0.015986778930360223
6 0.21445516300742923 0.773477980601261 0.025860965916759505 0.017867576451579124
6 0.27605128182734723 0.773477980601261 0.025860965916759328 0.017867576451579124
6 0.36632956284585305 0.7732428809111086 0.025860965916759505 0.018337775831883896
6 0.4469687565681122 0.7737130802914136 0.025390766536454733 0.018337775831884163
6 0.5257271527691525 0.7739481799815658 0.025860965916759505 0.017867576451579215
6 0.6225882251119246 0.8122694294764002 0.026801364677369044 0.016456978310664994
6 0.7165956036977346 0.7932263545740591 0.02586096591675986 0.017867576451579124
6 0.8012314921525778 0.7838223669679616 0.025860965916762523 0.01974837397279803
6 0.8804600877339283 0.7737130802914136 0.026331165297063565 0.018337775831884163
6 0.956632387343293 0.773477980601261 0.025390766536454733 0.017867576451579124
6 0.9985347670247492 0.7730077812209564 0.002930465950501571 0.017867576451579215
