8 0.16903078507581457 0.05554049718928589 0.052359704467928925 0.11108099437857177
8 0.16931534868705317 0.33033725683802706 0.05349795891288396 0.13858247867326945
8 0.16959991229829208 0.6395156204489207 0.05292883169040639 0.1388670422845067
8 0.1691730668814338 0.9114161509875418 0.052644268079167666 0.13972073311822406
2 0.21726431718078176 0.8951960251469326 0.022480525287860688 0.054920776969078135
3 0.24515155108217881 0.8969034068143659 0.021342270842906165 0.05605903141403239
3 0.24529383288779796 0.6250028762757452 0.021626834454144685 0.05634359502527175
2 0.21712203537516245 0.6237223400251711 0.02162683445414495 0.05435164974660012
2 0.21740659898640127 0.3151131036367579 0.022195961676622612 0.05463621335783877
3 0.245293832887798 0.31582451266485023 0.021057707231667066 0.05605903141403275
3 0.24472470566532056 0.027368699676651433 0.021057707231667156 0.054737399353302865
2 0.21726431718078185 0.02651500884293423 0.02248052528786091 0.05303001768586846
0 0.8442177236877972 0.03792962375964119 0.003869599955788061 0.07585924751928239
0 0.6586381591414536 0.3256096779991141 0.0029021999668411348 0.07771446577874634
0 0.8816238565937498 0.6343715078047154 0.003224666629823858 0.07739199911576407
0 0.9919159040586869 0.9065705059562885 0.003755563686150332 0.07725731011509147
0 0.28739004017349856 0.90710701505431 0.003576727320143069 0.07725731011509111
6 0.3348831705733276 0.9177934349703312 0.02582646559691475 0.017217643731276766
6 0.42757148599336603 0.8968453017639444 0.027548229970042293 0.017791565188985458
6 0.5216946050576773 0.8873755977117428 0.026400387054624108 0.019513329562113668
6 0.6155307633931342 0.8876625584405963 0.025826465596914705 0.018939408104402488
6 0.6849752597759495 0.8876625584405968 0.026974308512332623 0.02008725101982307
6 0.8014813156909202 0.8681492288784837 0.025826465596914795 0.0212350939352401
6 0.8508385610539129 0.8776189329306858 0.026974308512333067 0.019513329562112956
6 0.9019175707900331 0.8678846112323951 0.026974308512333067 0.01893940810440391
6 0.9512748161530258 0.8589888286379024 0.026974308512333244 0.019513329562113668
6 0.2978680637830955 0.6157365077275152 0.02527062607628321 0.021004156738728595
6 0.3492297908082686 0.5958810158104354 0.026255195923411235 0.019363206993515902
6 0.39123810428572653 0.6058908092562361 0.024942436127240654 0.019035017044473433
6 0.4329182278141417 0.6152442228039507 0.02559881602532581 0.020019586891601195
6 0.4747267612901783 0.6154462510123386 0.025270626076283255 0.020019586891600837
6 0.5159145998950295 0.6252919494836181 0.025598816025326078 0.018050447197344964
6 0.5694095615889797 0.6353017429294185 0.02625519592341119 0.01969139694255837
6 0.64899562423182 0.6252919494836181 0.025927005974368634 0.016737687401174383
6 0.7152899939384332 0.6249637595345755 0.025927005974368457 0.016081307503089094
6 0.7571342124413697 0.6156103459868602 0.025598816025325898 0.01969139694255837
6 0.7981579560716996 0.6353017429294185 0.02559881602532581 0.01969139694255837
6 0.8508324428930433 0.6448192514516545 0.026583385872453746 0.0177222572483025
6 0.9140090080837513 0.644655156477134 0.02625519592341128 0.016737687401174383
6 0.9919567336149168 0.6254560444581394 0.016086532770166428 0.01903501704447308
6 0.29812256353031 0.01748475502745368 0.02592564844918237 0.019684288637342107
6 0.3444526575182008 0.008142246762588456 0.02640575305009314 0.016284493525176913
6 0.39246311760927943 0.017604781177681696 0.026405753050093274 0.019924340937797425
6 0.4390332638976256 0.008142246762588456 0.0254455438482716 0.016284493525176913
6 0.4864435932375657 0.026966820895441578 0.025205491547816195 0.018003922534154882
6 0.5340939748779612 0.017244702726998185 0.025445543848271513 0.01968428863734246
6 0.5817443565183568 0.03704901751456813 0.025685596148727008 0.019924340937798136
6 0.6415173793317497 0.027446925496352748 0.02568559614872683 0.018003922534155236
6 0.7005926388790644 0.017232348167981824 0.026165700749637644 0.020164393238253097
6 0.7478829420687768 0.03703666295555212 0.026645805350548724 0.019924340937797425
6 0.8076559648821695 0.04663875497376786 0.026165700749637734 0.018003922534154525
6 0.8764309489626395 0.04675878112399552 0.02544554384827169 0.016803661031877228
6 0.9791733335575478 0.026834440186198093 0.02640575305009314 0.01872407943552048
6 0.29809652299514033 0.3358369245297654 0.025852283584718673 0.017383432065586745
6 0.3746504834378201 0.31622484732756495 0.026966606153025506 0.01604624498361886
6 0.4495329600280395 0.3067531054969569 0.025629419071057313 0.01894348366121612
6 0.524081139847767 0.2968356346390264 0.025852283584718628 0.017383432065586745
6 0.6014151260882615 0.29705849915268717 0.025852283584718538 0.017383432065586745
6 0.7304384435251321 0.2872167016844605 0.025183690043734507 0.019166348174877966
6 0.7662081979677816 0.29668844351506857 0.025406554557396 0.016714838524602982
6 0.8016436556399397 0.28755099845495397 0.025406554557395822 0.019834941715858534
6 0.8475537454541808 0.2871052694276294 0.026298012612041434 0.01938921268853875
6 0.9072814351154271 0.28688240491396827 0.024960825530073193 0.020280670743184716
6 0.9427168927875847 0.2868824049139681 0.025852283584718805 0.019834941715862087
6 0.9801581310826943 0.28688240491396827 0.026298012612041434 0.01938921268853875
