0 0.1816014092090766 0.0205294093648809 0.0037248800738655776 0.0410588187297618
0 0.5902881625394673 0.02046123877714745 0.003938746967467743 0.0409224775542949
0 0.2824378529016112 0.27429916321979614 0.003547133292806137 0.07835939910471161
0 0.29187212085824327 0.5461370846198279 0.003869599955788061 0.07835939910471143
0 0.044217723687797236 0.8365183146354355 0.003869599955788061 0.07868186576769372
6 0.6225882251119246 0.012269429476400261 0.026801364677369044 0.016456978310664994
6 0.7165956036977346 0.0010800713999243427 0.02586096591675986 0.0021601427998486854
6 0.031219819363766898 0.23571618337441827 0.026468726642324292 0.01959703799479797
6 0.08275748422021642 0.22515414341618306 0.025705205681488152 0.018324503060070718
6 0.13416789558319236 0.2460237163457081 0.02621421965537891 0.018324503060070718
6 0.18646908140047785 0.23597069036136364 0.02545069869454277 0.020106051968688733
6 0.23800674625692694 0.255822235343107 0.026214219655379088 0.019597037994798328
6 0.31563137727528245 0.2553132213692161 0.025705205681488152 0.01959703799479797
6 0.3816759403876208 0.26498448687314236 0.02545069869454295 0.019597037994797794
6 0.42634191659654325 0.25544047486268856 0.025705205681488152 0.019342531007852593
6 0.493277254163191 0.23597069036136364 0.025196191707597217 0.020106051968688733
6 0.5437968910718585 0.24538744887834438 0.025959712668433353 0.01857901004701592
6 0.6015699771084705 0.2362251973483091 0.025959712668433353 0.02010605196868891
6 0.6879750991764465 0.2359706903613648 0.025705205681487264 0.01959703799479673
6 0.7386219895785836 0.24551470237181708 0.026214219655379088 0.01832450306007054
6 0.790159654435033 0.23597069036136337 0.025959712668433353 0.019597037994797794
6 0.841061051824118 0.2256631573900738 0.02494168472065148 0.019342531007852593
6 0.8925192960258622 0.24564195586528995 0.025705205681488152 0.01806999607312516
6 0.9440569608823111 0.2358434368678907 0.024941684720651836 0.019342531007852416
6 0.99098925096859 0.2555677283561616 0.01802149806282003 0.020106051968688733
6 0.0676391415853768 0.5274878866256267 0.025906971551563275 0.01979683675166637
6 0.12984031384832867 0.5470403179852972 0.026640187727551102 0.019308025967674603
6 0.23994494294247276 0.5569387363611302 0.025906971551563275 0.01710837743971183
6 0.3242648031810518 0.5563277228811405 0.02639578233555504 0.01833040439969107
6 0.4821506864103906 0.5370196969134661 0.026395782335555396 0.017352782831707714
6 0.5818680863447103 0.5274878866256267 0.02541816076757151 0.01979683675166637
6 0.6798746485350582 0.5272434812336309 0.026395782335555396 0.02028564753565796
6 0.8370777394130503 0.5274878866256267 0.026395782335555396 0.02028564753565796
6 0.8973236685400428 0.537019696913466 0.026640187727549502 0.017352782831707537
6 0.9575695976670191 0.5276100893216247 0.02541816076757151 0.019552431359670486
6 0.010369407628494188 0.8466387549737678 0.020738815256988376 0.018003922534154525
6 0.07643094896263962 0.8467587811239955 0.02544554384827169 0.016803661031877228
6 0.17917333355754775 0.8268344401861981 0.02640575305009314 0.01872407943552048
6 0.27879503824653584 0.8175924266186652 0.02640575305009296 0.019444236336886432
6 0.3766163506821085 0.8078703084502219 0.02568559614872683 0.017763870233698676
6 0.4785185522254225 0.8075102299995389 0.02544554384827169 0.017043713332332722
6 0.5908630288385466 0.8067900730981726 0.025445543848271867 0.01848402713506534
6 0.6520763654546721 0.8073902038493111 0.02544554384827169 0.017763870233699564
6 0.7305734677035856 0.8075102299995389 0.02544554384827169 0.017043713332332722
6 0.7941873273242648 0.8073902038493109 0.02544554384827169 0.016803661031877047
6 0.8802228669634122 0.8072701776990832 0.02568559614872683 0.016083504130510917
6 0.9720428718876002 0.8071501515488559 0.025925648449182503 0.016803661031877228
