8 0.16888850327019572 0.038512524918905736 0.053213395301645684 0.07702504983781147
8 0.16917306688143413 0.2797766228454185 0.052075140856690474 0.13972073311822336
8 0.1691730668814339 0.5515348715784223 0.05207514085669054 0.1397207331182239
8 0.16903078507581457 0.8415051914306989 0.052359704467928925 0.13915160589574588
3 0.24472470566532056 0.8265656018406663 0.021057707231667156 0.056343595025272995
2 0.21726431718078185 0.8258541928125684 0.02248052528786091 0.0543516497466003
2 0.21754888079202034 0.535741591154668 0.021911398065383336 0.05406708613536164
3 0.2452938328877982 0.5367375637940032 0.02162683445414495 0.05605903141403292
3 0.24529383288779832 0.26469475144976273 0.02162683445414464 0.05605903141403275
2 0.21726431718078185 0.263698778810426 0.021911398065383603 0.054067086135361465
2 0.2174065989864013 0.009629318378173223 0.02219596167662221 0.019258636756346446
3 0.2450092692765596 0.01034072740627039 0.02105770723166698 0.02068145481254078
0 0.5477635054851486 0.020708302291031978 0.004305798678641981 0.041416604582063955
0 0.9816014092090766 0.0205294093648809 0.0037248800738655776 0.0410588187297618
0 0.8442177236877972 0.8365183146354355 0.003869599955788061 0.07868186576769372
6 0.2978887459753722 0.012812927934312057 0.026801364677368954 0.017397377071274887
6 0.3500808771891958 0.0008816212485754704 0.02586096591675946 0.0017632424971509408
6 0.5804785735385073 0.012107628863853748 0.025860965916760303 0.018807975212188667
6 0.6423097920485781 0.0006465215584231743 0.02539076653645491 0.0012930431168463486
6 0.3517134716606197 0.23607379037057746 0.025450698694542816 0.020869572929525227
6 0.40414191097137786 0.24561780238103106 0.02595971266843371 0.01857901004701592
6 0.4555523223343543 0.2358192833836318 0.02595971266843371 0.019342531007852416
6 0.5310136439636737 0.23607379037057746 0.025196191707597217 0.02036055895563411
6 0.6356160155982443 0.2356920298901592 0.025196191707597394 0.020615065942579492
6 0.7281444896508689 0.23597069036136364 0.025450698694542685 0.020106051968688733
6 0.7787913800530089 0.24551470237181708 0.02595971266843362 0.017815489086179782
6 0.831219819363767 0.23571618337441827 0.026468726642324292 0.01959703799479797
6 0.8827574842202164 0.22515414341618306 0.025705205681488152 0.018324503060070718
6 0.9341678955831924 0.2460237163457081 0.02621421965537891 0.018324503060070718
6 0.9864690814004777 0.23597069036136364 0.02545069869454277 0.020106051968688733
6 0.2981790074571461 0.5273399913417743 0.025906971551563362 0.019796836751666012
6 0.3603801797200977 0.5176859783579373 0.025662566159567524 0.01710837743971183
6 0.4229479600710432 0.5278288021257661 0.025662566159567392 0.020285647535658136
6 0.4846603215500031 0.517808181053935 0.025418160767571685 0.017841593615699126
6 0.5496721558209076 0.5371162070216097 0.025906971551563275 0.017352782831707537
6 0.5996486292618936 0.5277322920176226 0.026640187727551102 0.01979683675166637
6 0.6506071534930347 0.5474069260732909 0.025906971551563275 0.020041242143662784
6 0.7590009448432078 0.5375085076974577 0.025662566159567392 0.01686397204771577
6 0.8676391415853768 0.5274878866256267 0.025906971551563275 0.01979683675166637
6 0.9298403138483288 0.5470403179852972 0.026640187727551102 0.019308025967674603
6 0.29812256353031 0.8174847550274537 0.02592564844918237 0.019684288637342107
6 0.3444526575182008 0.8072825322580996 0.02640575305009314 0.018003922534154705
6 0.39246311760927943 0.8176047811776816 0.026405753050093274 0.019924340937797425
6 0.4390332638976256 0.807522584558555 0.0254455438482716 0.017523817933243712
6 0.4864435932375657 0.8269668208954416 0.025205491547816195 0.018003922534154882
6 0.5340939748779612 0.8172447027269982 0.025445543848271513 0.01968428863734246
6 0.5817443565183568 0.8370490175145682 0.025685596148727008 0.019924340937798136
6 0.6415173793317497 0.8274469254963528 0.02568559614872683 0.018003922534155236
6 0.7005926388790644 0.8172323481679818 0.026165700749637644 0.020164393238253097
6 0.7478829420687768 0.8370366629555521 0.026645805350548724 0.019924340937797425
6 0.8076559648821695 0.8466387549737678 0.026165700749637734 0.018003922534154525
6 0.8764309489626395 0.8467587811239955 0.02544554384827169 0.016803661031877228
6 0.9791733335575478 0.8268344401861981 0.02640575305009314 0.01872407943552048
