8 0.1688357337957855 0.1459149744791503 0.05218559044596986 0.1396731979583329
8 0.1692194513725939 0.37921526117877813 0.05448789590682148 0.1396731979583336
8 0.16998688652621124 0.613282983032027 0.0529530255995869 0.13813832765110057
8 0.16921945137259436 0.848615924048653 0.052953025599587325 0.138905762804713
2 0.21647222157897028 0.12971367516736193 0.022189047742302036 0.053666534074405095
2 0.21673023376202033 0.3642467495598337 0.021673023376202184 0.05211846097610469
2 0.21647222157897028 0.5985218117692556 0.022189047742302036 0.05315050970830519
2 0.21647222157897028 0.8328164656213213 0.02115699901010202 0.05315050970830519
3 0.2440795251653233 0.10107432284881028 0.020640974644002164 0.06037485083370271
3 0.27142881656862533 0.12971367516736193 0.02167302337620196 0.05676268027100519
3 0.24407952516532277 0.3350913728751813 0.021673023376202007 0.060890875199806516
3 0.27168682875167544 0.36398873737678467 0.02218904774230208 0.056762680271007684
3 0.2438215129822729 0.5703984838168037 0.02218904774230208 0.0588267777354055
3 0.27168682875167577 0.5995538605014561 0.021156999010102505 0.056246655904905296
3 0.244595549531423 0.8049315582092641 0.02167302337620227 0.05934280210150611
3 0.2716868287516755 0.833312898344771 0.02218904774230186 0.05521460717270621
6 0.3192700029865568 0.8145638307671618 0.02566768712303773 0.018462722316571246
6 0.3690292911812175 0.8244706573760532 0.02566768712303773 0.019363342917379355
6 0.42002693270199 0.8337020185343391 0.025892842273239847 0.017111791415359078
6 0.47091199664766104 0.8245832349511547 0.02499222167243138 0.020038808367985793
6 0.520783862417423 0.8149015634924645 0.02566768712303773 0.018237567166369217
6 0.5723443918137006 0.8341523288347432 0.026117997423441876 0.01801241201616719
6 0.6621812967443323 0.8534030941770215 0.02566768712303764 0.01778725686596445
6 0.7565213046790064 0.8438340002934324 0.02566768712303773 0.019363342917379713
6 0.8075189461997786 0.8538534044774252 0.025442531972835615 0.018237567166369217
6 0.8572782343944393 0.8437214227183313 0.025442531972835702 0.019588498067581738
6 0.9081632983401103 0.8344900615600459 0.026343152573643815 0.01778725686596445
6 0.9600615604616912 0.8244706573760567 0.02566768712303773 0.01981365321778412
6 0.31890342718768616 0.14063343337826967 0.02628518120798451 0.019803903649851053
6 0.3660727249718776 0.13064146380948055 0.02592511023253281 0.01818358426031743
6 0.4145022711701506 0.14954519002070246 0.02592511023253268 0.01782351328486591
6 0.4621313369998852 0.1403831534836124 0.025616268867409354 0.020216082457523397
6 0.510733014688862 0.13055204489125546 0.026170134140218338 0.018277554002692042
6 0.5575346302412099 0.14072931927911797 0.02589320150381358 0.01980068350291688
6 0.6049593442254677 0.14986809628046416 0.02575473518561173 0.017862155048085526
6 0.6537687213917479 0.1404523866427029 0.025339336231005392 0.019800683502926474
7 0.7020734374356022 0.14100625191552255 0.022095459055412815 0.06383297269121968
6 0.7717644372092657 0.13024033535776597 0.02563055326525223 0.017798995323092016
6 0.818397804955767 0.12089586281314305 0.026342513078176033 0.019044924995708357
6 0.8668110722345768 0.13024033535776666 0.0259865331717144 0.017798995323092016
6 0.9141563997940014 0.14056375264515938 0.02563055326525241 0.01993487476186324
6 0.9619467022365032 0.1305963152642285 0.02652050303140694 0.017798995323092016
6 0.9984608640231893 0.14091973255162155 0.0030782719536212254 0.020646834574786867
6 0.3188871509673558 0.3846578268019206 0.025607448639765006 0.016977314015314347
7 0.3742048991339188 0.3749666100515087 0.021080164902347008 0.06239162900627626
6 0.4275453579523198 0.35550361933056357 0.026597791957325256 0.020089821584783608
6 0.49722308422350475 0.3650533584641824 0.025607448639765183 0.016835836398519887
6 0.5706499673397369 0.3753104856817696 0.02589040387335375 0.019806866351196818
6 0.6142250733123762 0.38450653077339664 0.026173359106942316 0.016694358781725427
6 0.6573757464346324 0.3755934409153564 0.026173359106942316 0.020372776818376792
6 0.7010215912156683 0.36498261965578555 0.026031881490147946 0.01867504541684504
6 0.7465773838234272 0.3553621417137743 0.026031881490147856 0.020089821584787514
6 0.7891621464785061 0.3453172309213805 0.025465971022970636 0.017260269248902206
4 0.826653714928991 0.3356967529793691 0.014430716913016539 0.059703554287187544
6 0.8511293426344018 0.33590896940456005 0.02603188149014777 0.019948343967993765
6 0.9167749568269485 0.3456001861549689 0.02603188149014777 0.017826179716079693
6 0.9645236524950189 0.3556450969473627 0.02589040387335384 0.020372776818376792
6 0.9993452484754191 0.36512409727257983 0.0013095030491619753 0.017543224482491127
7 0.320082549244295 0.609390786403998 0.021989849408846053 0.06213798355681632
6 0.36897664622532866 0.5993121054249417 0.025488234542071986 0.01765851543437691
6 0.41995311530947266 0.5899830784030071 0.025488234542071986 0.020323951726357946
6 0.4713460588142386 0.5801542820763252 0.025988003846818587 0.018658054043869755
6 0.5224891176666314 0.5704087806337688 0.02598800384681841 0.019824182421611526
6 0.5742985355920196 0.5597470354658428 0.02598800384681841 0.019824182421611526
6 0.6239619769760169 0.580160297072522 0.025488234542071986 0.01765851543437691
6 0.674605266523663 0.5598363453461641 0.025488234542071986 0.019657592653362598
6 0.7471551105960313 0.5704147956299653 0.02565482431032091 0.019491002885114028
6 0.8037123369165112 0.5795772328836515 0.02582141407856948 0.017825105202625126
6 0.8485249845754481 0.5899890933992035 0.02582141407856984 0.01899123358036725
7 0.8951701196851225 0.6103130451255613 0.020823721031104903 0.03465067179575811
4 0.9326528175411106 0.5396789833880552 0.014493309837648561 0.05897277796008815
6 0.9575579878943117 0.5403453424610506 0.024988465237325563 0.019657592653362244
6 0.9995194200941361 0.5510070876289754 0.0009611598117277964 0.020323951726357946
