0 0.18478843395869235 0.23625537335337068 0.003181542936455095 0.07843843992499515
0 0.5792051990485169 0.9397921639571472 0.002639627175212311 0.07835524877999092
7 0.09528476245246331 0.010536222641341108 0.020957443533439247 0.021072445282682217
6 0.3638558367748234 0.001205853944947055 0.025837944082322116 0.00241170788989411
6 0.6338623524350899 0.001205853944947055 0.02612503234990342 0.00241170788989411
6 0.6980265802395235 0.006229898627620844 0.025837944082322473 0.012459797255241689
6 0.7497024684041675 0.01260334138903243 0.025837944082322116 0.018660737392788108
6 0.9958589389876247 0.0006316774097842703 0.008282122024750649 0.0012633548195685406
6 0.9958589389876261 0.18787072874745112 0.008282122024747807 0.01952200219553237
6 0.9536786825207223 0.1982059063803799 0.02555085581474046 0.020670355265857764
6 0.9035817798277754 0.2076798192105648 0.02583794408232194 0.018373649125206802
6 0.8529107005996659 0.1979188181127988 0.025550855814740814 0.019522002195532195
6 0.8020960772377641 0.1875836404798698 0.02612503234990342 0.01952200219553237
7 0.7382189377009046 0.23724991077144172 0.021818708336185468 0.06315941886789726
6 0.6740547098964755 0.20739273094297986 0.025550855814732997 0.017225296054881056
6 0.5839089938759336 0.2174408203083309 0.025550855814740814 0.020670355265857587
6 0.5180222364660104 0.20767981921056372 0.025837944082322116 0.018373649125208225
6 0.45184839078850947 0.2174408203083309 0.025550855814740814 0.019522002195532018
6 0.3855310009772158 0.22720182140609707 0.0261250323499036 0.017799472590044017
6 0.334716377615311 0.2174408203083301 0.02555085581474046 0.02009617873069658
6 0.2839017542534112 0.22720182140609496 0.025550855814740814 0.01779947259004757
7 0.21844562924486538 0.23710636663765383 0.02153162006860203 0.0622981540651546
6 0.12901763389327287 0.20753627507677397 0.025837944082322116 0.0180865608576255
6 0.07734174572862865 0.2174408203083309 0.025837944082322116 0.019522002195532018
6 0.027819019570843474 0.2270582772723017 0.025550855814742236 0.017512384322462892
6 0.0035737514552605988 0.432341276765171 0.0071475029105211975 0.019708047629374725
6 0.07627274459564255 0.42175187803893965 0.02529689695710822 0.019708047629374725
6 0.12789606338602022 0.4319000518182447 0.025591046921725712 0.019413897664757228
6 0.17878400726485416 0.42234017796817486 0.025591046921725712 0.020296347558610074
6 0.22834827630290927 0.44234237556216716 0.025885196886343033 0.017943147841669217
6 0.30041501763420564 0.4327825017120973 0.02529689695710822 0.020002197593992754
4 0.2760005705709501 0.43263542672978855 0.01411919830164159 0.0597124428173597
6 0.37365835882397225 0.44204822559754986 0.025885196886343033 0.017943147841669928
6 0.4254287525966589 0.45219639937685485 0.02529689695710786 0.020002197593992754
6 0.48955344488328195 0.4617562732269248 0.02529689695710822 0.017354847912434756
6 0.5419121385852035 0.4716102970416121 0.024708597027873046 0.020002197593992754
6 0.6066251308010617 0.4810230959093735 0.02529689695710822 0.017648997877052253
6 0.6938405953101612 0.4717573720239211 0.02559104692172536 0.01970804762937508
6 0.7436990143128337 0.48117017089168207 0.025885196886343033 0.016766547983199764
6 0.7941457332447416 0.4713161470769949 0.025591046921725712 0.019413897664757585
6 0.8448866021412667 0.462197498173851 0.02588519688634321 0.018825597735522413
6 0.8957745460201005 0.4516080994476198 0.025885196886342852 0.019413897664757585
7 0.9591638633951816 0.47190444700622536 0.0214729474170813 0.06235979249891717
6 0.9955395672780922 0.6869280711416519 0.008920865443815628 0.020002197593992754
6 0.9534279390851378 0.6956054950978666 0.026473496815578555 0.01794314784166957
6 0.9032753701178479 0.6766328223800355 0.026179346850960884 0.018825597735522413
6 0.8528286511859401 0.6864868461947231 0.025885196886343564 0.019119747700140088
6 0.7748789105622929 0.6961937950271019 0.02706179674481337 0.018531447770904742
6 0.695899645062484 0.7060478188417891 0.026179346850960704 0.019413897664758116
6 0.6214797040142475 0.7153135427272418 0.02559104692172589 0.017354847912434402
6 0.5711800600646484 0.706341968806407 0.026179346850960884 0.020002197593992042
6 0.5198508912388884 0.6961937950271017 0.025885196886343033 0.01794314784166957
7 0.4696983222715983 0.7069302687356419 0.020296347558609717 0.03470969582486951
6 0.05903520469826669 0.7256040124476911 0.025921400262470407 0.01944105019685303
3 0.030651271410861457 0.7254744054463789 0.021514762217850425 0.06065607661418078
4 0.10634176017727492 0.7357133585500545 0.014256770144358732 0.05728629458005976
6 0.1308374834253095 0.7355837515487422 0.024884544251971796 0.017626552178480102
6 0.1829394979528746 0.7257336194490036 0.0254029722572211 0.02021869220472734
6 0.2369856175001253 0.7157538803479524 0.025662186259845753 0.01788576618110458
6 0.3120280712599771 0.7257336194490036 0.02592140026247005 0.019700264199478033
7 0.391347556063136 0.7062925692521487 0.022292404225724382 0.06221136062992923
6 0.018397804955766883 0.9208958628131431 0.026342513078176033 0.019044924995708357
6 0.06681107223457676 0.9302403353577666 0.0259865331717144 0.017798995323092016
6 0.11415639979400156 0.9405637526451593 0.02563055326525241 0.01993487476186324
6 0.16194670223650318 0.9305963152642285 0.02652050303140694 0.017798995323092016
6 0.20964800970238953 0.9409197325516215 0.025452563312021503 0.020646834574786867
6 0.27942007136891 0.9499082251897828 0.02580854321848296 0.016553065650475672
3 0.33103715780587584 0.9600536525239509 0.02153678434094104 0.059982614238819565
6 0.3597825352526701 0.9602316424771764 0.025986533171714045 0.01975688480863198
6 0.4434378132712021 0.9695761150217999 0.02563055326525241 0.017443015416629848
4 0.41869720977210434 0.9698430999516502 0.014239196258473719 0.05891467451943448
6 0.4990596736558645 0.9797215423559622 0.025452563312021326 0.01957889485540072
6 0.5430231921039015 0.9892440048538166 0.02687648293786893 0.019044924995708357
6 0.6111933441913435 0.9498192302131674 0.02580854321848296 0.01851095513601564
3 0.6581826918443061 0.9598756625707188 0.02082482452801777 0.05962663433235811
4 0.7319595274585224 0.9695761150217999 0.014239196258473719 0.05944864437912649
6 0.6871950542209475 0.9599646575473425 0.025452563312019727 0.020290854668331092
6 0.7566111359810046 0.969665109998415 0.02509658340555987 0.018332965182784378
6 0.8058253580493538 0.9798105373325775 0.025630553265252588 0.01975688480863198
6 0.8545946052346256 0.9698430999516455 0.02669849298463802 0.01690904555693784
6 0.9047877720457448 0.9498192302131676 0.026342513078175856 0.016731055603706226
6 0.9542689790439403 0.9600536525239454 0.026342513078175856 0.020112864715093437
6 0.9962684094942942 0.940652747621775 0.007463181011411635 0.01975688480863198
