0 0.6668554888038218 0.4706566171660532 0.011296419948912992 0.07815710552154069
6 0.6054807755520855 0.0006316774097842703 0.07485560754713771 0.0012633548195685406
6 0.6059060915040669 0.18787072874745112 0.07570623945108389 0.01952200219553237
6 0.45534424450584376 0.1982059063803799 0.07570623945108285 0.020670355265857764
6 0.3069089772674829 0.2076798192105648 0.07655687135502796 0.018373649125206802
6 0.1567724462212323 0.1979188181127988 0.07570623945108389 0.019522002195532195
6 0.02245717542624572 0.1875836404798698 0.04491435085249144 0.01952200219553237
6 0.010283343267562162 0.4713161470769949 0.020566686535124324 0.019413897664757585
6 0.13299733967782698 0.462197498173851 0.07669687966323914 0.018825597735522413
6 0.28377643265214975 0.4516080994476198 0.07669687966323809 0.019413897664757585
7 0.4715966322820193 0.47190444700622536 0.0636235479024631 0.06235979249891717
6 0.6049446162419687 0.6869280711416519 0.07756843511395607 0.020002197593992754
6 0.4546013009930008 0.6956054950978666 0.07843999056467721 0.01794314784166957
6 0.3060010966454751 0.6766328223800355 0.07756843511395817 0.018825597735522413
6 0.15652933684722983 0.6864868461947231 0.0766968796632402 0.019119747700140088
6 0.027615755084414988 0.9798105373325775 0.055231510168829975 0.01975688480863198
6 0.16176179328777957 0.9698430999516455 0.07910664588040896 0.01690904555693784
6 0.3104822875429476 0.9498192302131676 0.07805189060200253 0.016731055603706226
6 0.45709327124130433 0.9600536525239454 0.07805189060200253 0.020112864715093437
6 0.6095054089708922 0.940652747621775 0.07805189060200148 0.01975688480863198
