0 0.5792051990485169 0.13979216395714716 0.002639627175212311 0.07835524877999092
0 0.2999985327056128 0.8430729930281503 0.0036110157326193714 0.07740194514983934
6 0.010120106093098168 0.8538534044774252 0.020240212186196337 0.018237567166369217
6 0.057278234394439395 0.8437214227183313 0.025442531972835702 0.019588498067581738
6 0.10816329834011044 0.8344900615600459 0.026343152573643815 0.01778725686596445
6 0.16006156046169115 0.8244706573760567 0.02566768712303773 0.01981365321778412
7 0.22918419157373143 0.8443968881689378 0.022065204719804575 0.06281828690638172
6 0.018397804955766883 0.12089586281314305 0.026342513078176033 0.019044924995708357
6 0.06681107223457676 0.13024033535776666 0.0259865331717144 0.017798995323092016
6 0.11415639979400156 0.14056375264515938 0.02563055326525241 0.01993487476186324
6 0.16194670223650318 0.1305963152642285 0.02652050303140694 0.017798995323092016
6 0.20964800970238953 0.14091973255162155 0.025452563312021503 0.020646834574786867
6 0.27942007136891 0.14990822518978283 0.02580854321848296 0.016553065650475672
3 0.33103715780587584 0.16005365252395087 0.02153678434094104 0.059982614238819565
6 0.3597825352526701 0.16023164247717644 0.025986533171714045 0.01975688480863198
6 0.4434378132712021 0.1695761150217999 0.02563055326525241 0.017443015416629848
4 0.41869720977210434 0.16984309995165017 0.014239196258473719 0.05891467451943448
6 0.4990596736558645 0.17972154235596224 0.025452563312021326 0.01957889485540072
6 0.5430231921039015 0.1892440048538166 0.02687648293786893 0.019044924995708357
6 0.6111933441913435 0.1498192302131674 0.02580854321848296 0.01851095513601564
3 0.6581826918443061 0.15987566257071872 0.02082482452801777 0.05962663433235811
4 0.7319595274585224 0.1695761150217999 0.014239196258473719 0.05944864437912649
6 0.6871950542209475 0.15996465754734251 0.025452563312019727 0.020290854668331092
6 0.7566111359810046 0.169665109998415 0.02509658340555987 0.018332965182784378
6 0.8058253580493538 0.1798105373325775 0.025630553265252588 0.01975688480863198
6 0.8545946052346256 0.16984309995164554 0.02669849298463802 0.01690904555693784
6 0.9047877720457448 0.14981923021316756 0.026342513078175856 0.016731055603706226
6 0.9542689790439403 0.16005365252394538 0.026342513078175856 0.020112864715093437
6 0.9962684094942942 0.14065274762177501 0.007463181011411635 0.01975688480863198
6 0.0009475659949957027 0.3453172309213805 0.0018951319899914055 0.017260269248902206
4 0.02665371492899098 0.3356967529793691 0.014430716913016539 0.059703554287187544
6 0.05112934263440181 0.33590896940456005 0.02603188149014777 0.019948343967993765
6 0.11677495682694854 0.3456001861549689 0.02603188149014777 0.017826179716079693
6 0.16452365249501896 0.3556450969473627 0.02589040387335384 0.020372776818376792
6 0.21149422127072057 0.36512409727257983 0.025607448639765096 0.017543224482491127
6 0.25959661098077663 0.35557435813896576 0.025324493406176707 0.02051425443517054
7 0.3076282618824348 0.37502753044817927 0.02235346345349516 0.06196719615589501
6 0.35431587542454857 0.36484114203899126 0.026031881490148123 0.017543224482491127
6 0.4010034889666616 0.3553621417137743 0.025748926256559734 0.019806866351199305
6 0.4489644010599231 0.34560018615496857 0.02574892625655938 0.016694358781725427
6 0.5010281640402184 0.3165265359037429 0.02574892625655938 0.01994834396799554
6 0.5770016442587486 0.34538796972977737 0.026031881490147946 0.017684702099285587
6 0.6456890272123726 0.32529814814498936 0.02645631434053062 0.0188165230336395
6 0.6979650066178595 0.3362626634465464 0.025748926256559734 0.019240955884022526
6 0.752716844317247 0.3454587085381743 0.025465971022970813 0.017260269248902206
6 0.8292562350029538 0.3552914029053774 0.026031881490147412 0.020797209668759108
6 0.8854935876786809 0.36512409727257966 0.025890403873353663 0.01726026924890256
6 0.9425090672467764 0.35550361933056907 0.025890403873354017 0.019523911117611092
6 0.9930067172055093 0.34531723092138034 0.013986565588981393 0.017826179716079693
6 0.008311521977897928 0.5795772328836515 0.016623043955795856 0.017825105202625126
6 0.0485249845754482 0.5899890933992035 0.02582141407856984 0.01899123358036725
7 0.09517011968512241 0.6103130451255613 0.020823721031104903 0.03465067179575811
4 0.13265281754111066 0.5396789833880552 0.014493309837648561 0.05897277796008815
6 0.15755798789431177 0.5403453424610506 0.024988465237325563 0.019657592653362244
6 0.21219943187993023 0.5510070876289754 0.02632118338331608 0.020323951726357946
6 0.2627594265434521 0.5597530504620396 0.025821414078569305 0.01882464381211797
6 0.3288955645382402 0.5704980905140898 0.02615459361506698 0.019324413116865103
6 0.3761237638367853 0.5798271175360249 0.02598800384681841 0.016325797288386214
6 0.4221025398734641 0.5704980905140898 0.025654824310320734 0.018991233580367962
6 0.4684977903307649 0.5595031658096664 0.02582141407856966 0.019324413116865103
6 0.5161424640499322 0.5797438226518998 0.025488234542071986 0.01782510520262548
6 0.575448421546518 0.5895726189785814 0.02582141407856966 0.019824182421611526
6 0.6443332907174116 0.5995680050735114 0.0256548243103202 0.01782510520262619
6 0.6917280797842059 0.6093968014001929 0.025821414078569305 0.019824182421611526
6 0.7378734455891336 0.5996512999576359 0.02615459361506698 0.017325335897878703
6 0.7855181193083005 0.5901556831674526 0.02615459361506698 0.019324413116865457
6 0.8330794981433437 0.5798271175360243 0.025988003846818587 0.017991694970874404
4 0.8865548137512201 0.5702482058617167 0.01465989960589802 0.05947254726483457
6 0.9114599841044209 0.570331500745841 0.02515505500557431 0.020323951726358303
6 0.9611037350425743 0.579660527767776 0.026487773151565364 0.018324874507371903
6 0.9972524917882328 0.5899057985150788 0.005495016423534338 0.019491002885113674
