6 0.011873085044204803 0.2760455984661926 0.023746170088409606 0.019901818848029905
6 0.22685938302303535 0.26535758464039877 0.07862446952308094 0.02063892324980885
1 0.14823491349995496 0.25319536201104714 0.05678433910000325 0.05675703893697417
6 0.4922169676634351 0.24545576579236883 0.07207243039615648 0.019164714446251008
0 0.7280567776596266 0.5682627897577454 0.010067798230977587 0.07997264833743908
6 0.04701477125410623 0.5189647398038211 0.07732979860963846 0.019574105273064822
6 0.20316147998510795 0.5292536925755601 0.0758426870979147 0.019574105273064822
6 0.3533597426692136 0.5385388450768858 0.07732979860963846 0.018570305002651378
6 0.5080193398884947 0.5291282175417586 0.07435557558619095 0.019323155205461084
6 0.022457175426247297 0.7734157928641772 0.044914350852494594 0.0189478256603695
6 0.15677244622123124 0.7834638822295246 0.07570623945108389 0.01952200219553237
6 0.30775960917140277 0.7731287045965942 0.07655687135502796 0.018373649125209467
6 0.45576956045781475 0.7831767939619432 0.07485560754713877 0.02009617873069507
6 0.6054807755520855 0.7923636185245456 0.07485560754713771 0.017799472590045884
6 0.6059060915040669 0.9878707287474512 0.07570623945108389 0.01952200219553237
6 0.45534424450584376 0.9939353643737256 0.07570623945108285 0.012129271252548968
6 0.3069089772674829 0.9992464973239807 0.07655687135502796 0.001507005352038604
6 0.1567724462212323 0.9940789085075163 0.07570623945108389 0.011842182984967309
6 0.02245717542624572 0.9875836404798697 0.04491435085249144 0.01952200219553237
