6 0.01523746836744717 0.29447320851066483 0.0280099672675977 0.018427610044472197
6 0.07494292491153702 0.3047926701355692 0.02506154966048211 0.019901818848029863
6 0.13206851604940048 0.3140064751578052 0.024324445258703163 0.019164714446251008
6 0.19287962919615875 0.3235888323809307 0.02506154966048193 0.017690505642693255
6 0.27359256119094655 0.31437502735869466 0.025798654062260694 0.01842761004447211
6 0.35872811959640793 0.3438592034298501 0.02653575846404017 0.018427610044472065
3 0.4165908151360502 0.28378519468487096 0.022850236455145456 0.057494143338753065
6 0.444600782403648 0.28489085128753927 0.02432444525870352 0.01990181884802995
6 0.5282621320055494 0.27530849406441404 0.026535758464039817 0.01842761004447264
7 0.636247926866158 0.334645398407614 0.021376027651587748 0.06339097855298408
3 0.7029769551513472 0.28378519468487096 0.022850236455145632 0.05896835214231104
6 0.732092579021613 0.2845222990866498 0.023587340856924044 0.019164714446251008
6 0.7951150053737076 0.2760455984661926 0.025798654062261228 0.019901818848029905
6 0.8765650417702744 0.26535758464039877 0.026535758464039817 0.02063892324980885
1 0.8500292833062348 0.25319536201104714 0.019164714446251098 0.05675703893697417
6 0.9661232265864094 0.24545576579236883 0.02432444525870281 0.019164714446251008
0 0.18478843395869235 0.9985180766954365 0.003181542936455095 0.0029638466091268965
6 0.0027748585034489182 0.4993906345307561 0.0055497170068978365 0.019072205137858057
6 0.0557397305275769 0.5095541122686935 0.025596906895546567 0.01932315520546135
6 0.11496394648197805 0.5192156898714243 0.0260988070307528 0.019574105273064735
3 0.19024896676299674 0.518337364634814 0.021079805678685126 0.058973265886798035
6 0.2192336995711887 0.518086414567209 0.025345956827943182 0.019825055340668207
6 0.29037804373675324 0.5291282175417591 0.02559690689554639 0.019323155205460196
4 0.2656594620778182 0.5288772674741556 0.014304153853393408 0.059475166022005775
6 0.3440813582038767 0.5290027425079608 0.025596906895546744 0.020076005408271057
6 0.39703182246819413 0.538413370043084 0.025596906895546213 0.01781745479984096
6 0.45211536230713917 0.5385388450768858 0.025345956827942828 0.018570305002651378
4 0.526647532385348 0.518086414567209 0.014304153853393408 0.057969465616384316
6 0.5512406390104803 0.5183373646348125 0.02534595682794265 0.019323155205461528
3 0.6287842098999304 0.5286263174065529 0.016311754394221722 0.04542196223621451
6 0.6612822436545694 0.5292536925755605 0.02509500676033962 0.0195741052730642
6 0.7128524825470668 0.5387897951444892 0.025847856963149774 0.019574105273064822
6 0.765301046676176 0.5293791676093618 0.025847856963149597 0.019825055340668207
6 0.8158674852982608 0.5189647398038211 0.026098807030752978 0.019574105273064822
6 0.868566999494974 0.5292536925755601 0.025596906895546213 0.019574105273064822
6 0.9192589131508596 0.5385388450768858 0.026098807030752978 0.018570305002651378
6 0.971456527212367 0.5291282175417586 0.025095006760339444 0.019323155205461084
6 0.003933192486969883 0.7637983359002014 0.007866384973939766 0.019809090463113764
6 0.04490077149193503 0.7732722487303862 0.025837944082322296 0.01923491392795107
7 0.09528476245246331 0.8038471492278008 0.020957443533439247 0.034450592109762826
6 0.14365913553992193 0.75288898173211 0.0264121206174849 0.019234913927950716
6 0.1934689499652876 0.7633677034988295 0.024976679279578206 0.02009617873069507
6 0.2432787643906531 0.7729851604628051 0.025263767547160042 0.01866073739278846
6 0.313471845814295 0.7831767939619432 0.02669920888506656 0.020670355265857764
6 0.3638558367748234 0.7930813391935001 0.025837944082322116 0.018660737392788018
6 0.41266084226365407 0.7830332498281525 0.025837944082322473 0.01980909046311341
6 0.4618964801538568 0.7737028811317582 0.026125032349903952 0.018373649125206802
6 0.5124240152481757 0.7830332498281525 0.025550855814740814 0.01980909046311341
6 0.5612290207370065 0.7737028811317582 0.025550855814740814 0.018373649125206802
6 0.6338623524350899 0.7930813391935001 0.02612503234990342 0.018660737392788018
6 0.6980265802395235 0.8025552520236848 0.025837944082322473 0.019809090463113677
6 0.7497024684041675 0.8126033413890325 0.025837944082322116 0.018660737392788108
6 0.8018089889701837 0.7734157928641772 0.026699208885066206 0.0189478256603695
6 0.8529107005996656 0.7834638822295246 0.025550855814740814 0.01952200219553237
6 0.9038688680953484 0.7731287045965942 0.02583794408232194 0.018373649125209467
6 0.9538222266545124 0.7831767939619432 0.02526376754715933 0.02009617873069507
6 0.9958589389876247 0.7923636185245456 0.008282122024750649 0.017799472590045884
6 0.9958589389876261 0.9878707287474512 0.008282122024747807 0.01952200219553237
6 0.9536786825207223 0.9939353643737256 0.02555085581474046 0.012129271252548968
6 0.9035817798277754 0.9992464973239807 0.02583794408232194 0.001507005352038604
6 0.8529107005996659 0.9940789085075163 0.025550855814740814 0.011842182984967309
6 0.8020960772377641 0.9875836404798697 0.02612503234990342 0.01952200219553237
6 0.6740547098964755 0.9993900414577697 0.025550855814732997 0.0012199170844606755
6 0.5180222364660104 0.9992464973239799 0.025837944082322116 0.0015070053520403804
6 0.12901763389327287 0.9992464973239805 0.025837944082322116 0.0015070053520387817
