6 0.027615755084414988 0.1798105373325775 0.055231510168829975 0.01975688480863198
6 0.16176179328777957 0.16984309995164554 0.07910664588040896 0.01690904555693784
6 0.3104822875429476 0.14981923021316756 0.07805189060200253 0.016731055603706226
6 0.45709327124130433 0.16005365252394538 0.07805189060200253 0.020112864715093437
6 0.6095054089708922 0.14065274762177501 0.07805189060200148 0.01975688480863198
6 0.08668514074949274 0.3552914029053774 0.0771315007115479 0.020797209668759108
6 0.2533143338627584 0.36512409727257966 0.07671230777289974 0.01726026924890256
6 0.4222490881385968 0.35550361933056907 0.07671230777290079 0.019523911117611092
6 0.5890878777211881 0.34531723092138034 0.07587392189559923 0.017826179716079693
6 0.09801332783212942 0.5798271175360243 0.07700149287946248 0.017991694970874404
4 0.25645870741102256 0.5702482058617167 0.043436739573031166 0.05947254726483457
6 0.3302518047538396 0.570331500745841 0.07453349631281278 0.020323951726358303
6 0.4773444001261461 0.579660527767776 0.07848229081945293 0.018324874507371903
6 0.6143182095751888 0.5899057985150788 0.07601429425280323 0.019491002885113674
