8 0.16921945137259436 0.17331200800148197 0.052953025599587325 0.34662401600296394
2 0.21647222157897028 0.09634191742039275 0.02115699901010202 0.15603819363906113
3 0.244595549531423 0.05079333469360313 0.02167302337620227 0.10158666938720626
3 0.2716868287516755 0.0977993345901532 0.02218904774230186 0.16209792931436684
6 0.3192700029865568 0.042756200417355714 0.02566768712303773 0.05420248753488806
6 0.3690292911812175 0.07184046202144041 0.02566768712303773 0.056846511317077006
6 0.42002693270199 0.09894170578888549 0.025892842273239847 0.050236451861604636
6 0.47091199664766104 0.07217096499421559 0.02499222167243138 0.058829529153719765
6 0.520783862417423 0.043747709335675525 0.02566768712303773 0.05354148158934082
6 0.5723443918137006 0.10026371767997996 0.026117997423441876 0.052880475643793584
6 0.6621812967443323 0.15677972602428333 0.02566768712303764 0.05221946969824426
6 0.7565213046790064 0.1286869733385169 0.02566768712303773 0.056846511317078054
6 0.8075189461997786 0.15810173791537677 0.025442531972835615 0.05354148158934082
6 0.8572782343944393 0.12835647036574327 0.025442531972835702 0.05750751726262529
6 0.9081632983401103 0.10125522659829977 0.026343152573643815 0.05221946969824426
6 0.9600615604616912 0.07184046202145083 0.02566768712303773 0.05816852320817357
