2 0.3066730978014861 0.32319178925215175 0.02441893518794038 0.054583502184807876
3 0.3356773445701044 0.29351497278835226 0.021081185890876063 0.06162192798871478
3 0.3624342343546779 0.32310971451977444 0.022702815574789703 0.05918948346284449
6 0.4524346818118798 0.27486623142334643 0.025946074942616804 0.019459556206962693
6 0.5692751275749561 0.28544695970346134 0.02697986386611175 0.020504696538244892
6 0.6405019681814907 0.2951597106952616 0.02482147475682277 0.018346307428956
3 0.5401368745995555 0.2827489733168503 0.022663085647533786 0.056118116841512265
4 0.6156804934246679 0.2955811869921989 0.016187918319666837 0.06019865309931989
6 0.7289962533593177 0.30516122233645865 0.02506154966048193 0.019164714446251008
6 0.8152374683674471 0.29447320851066483 0.0280099672675977 0.018427610044472197
6 0.8749429249115369 0.3047926701355692 0.02506154966048211 0.019901818848029863
6 0.9320685160494004 0.3140064751578052 0.024324445258703163 0.019164714446251008
6 0.9901744271829589 0.3235888323809307 0.019651145634082212 0.017690505642693255
2 0.21526556058962676 0.5571579215260936 0.025325360069367874 0.053720460753204954
8 0.26131166980665943 0.3380551851683803 0.0544878959068217 0.14044063311194907
8 0.16921945137259456 0.5725066245984379 0.052953025599587436 0.13967319795833202
8 0.1684520162189766 0.8061906288748775 0.052953025599587235 0.14044063311194996
8 0.16921945137259312 0.985786452239695 0.052953025599586964 0.028427095520610023
3 0.24407952516532322 0.5294409996186502 0.021673023376201517 0.05779472900320633
3 0.27142881656862533 0.5578223397541521 0.02167302337620196 0.05779472900320544
2 0.21621420939592023 0.791581377597474 0.02167302337620205 0.053666534074405095
2 0.21647222157897028 0.9997695985678968 0.02115699901010202 0.0004608028642063999
3 0.24407952516532286 0.7629420252789215 0.02270507210840207 0.061406899565905795
3 0.2714288165686255 0.7920974019635739 0.020640974644002164 0.05573063153880513
3 0.24407952516532286 0.9837728432187951 0.021673023376202093 0.032454313562409534
0 0.39997062648544696 0.33338115667469215 0.003740062633956276 0.07721775652322083
0 0.9847884339586923 0.9985180766954365 0.003181542936455095 0.0029638466091268965
4 0.3155166236489166 0.48997789949811993 0.014304153853393498 0.058471365751591176
6 0.3402352053078509 0.49010337453192154 0.025095006760339312 0.02007600540827159
6 0.42631107849581545 0.4990121019318421 0.02559690689554639 0.019825055340668207
1 0.3996379826584066 0.48709408121818976 0.01882125507025454 0.055710915007953776
6 0.5010218099701781 0.5100560124039004 0.02534595682794292 0.019825055340668207
3 0.5567327249781318 0.5182118896010106 0.02133075574628851 0.05872231581919438
6 0.5847136575159103 0.5184628396686141 0.0255969068955463 0.019574105273064822
4 0.6336489206985725 0.5292536925755602 0.014053203785790025 0.059726116089608094
6 0.6582420273237051 0.5295046426431635 0.02358930635471932 0.02007600540827168
6 0.7926257885253231 0.4993906345307561 0.025847856963149597 0.019072205137858057
7 0.7344053728413356 0.5690292782906983 0.020326955475875243 0.034882059396871945
6 0.8557397305275769 0.5095541122686935 0.025596906895546567 0.01932315520546135
6 0.9149639464819781 0.5192156898714243 0.0260988070307528 0.019574105273064735
3 0.9898545319618272 0.518337364634814 0.02029093607634582 0.058973265886798035
6 0.3200317335819622 0.7832221591805301 0.02669920888506616 0.019809090463113677
6 0.3712051299826952 0.7536067024010634 0.025837944082322206 0.020670355265857678
6 0.4247470918866183 0.7635112476326202 0.02612503234990351 0.020383266998276462
6 0.4765665241850533 0.7731287045965957 0.026412120617484814 0.019522002195532108
7 0.5303955743565579 0.8038471492278008 0.020383266998276372 0.033876415574600215
1 0.5771909619723192 0.7215963605657422 0.0180865608576255 0.055982212178364944
6 0.6036030825898041 0.7339411560717404 0.024976679279578206 0.01923491392795107
6 0.66618832492254 0.7438457013032972 0.02497667927957803 0.020096178730694712
6 0.7215963605657418 0.75288898173211 0.02555085581474099 0.019234913927950716
6 0.7949474129327786 0.7637983359002014 0.025837944082322206 0.019809090463113764
6 0.844900771491935 0.7732722487303862 0.025837944082322296 0.01923491392795107
7 0.8952847624524634 0.8038471492278008 0.020957443533439247 0.034450592109762826
6 0.943659135539922 0.75288898173211 0.0264121206174849 0.019234913927950716
6 0.9904903051627493 0.7633677034988295 0.019019389674501497 0.02009617873069507
6 0.9290176338932727 0.9992464973239805 0.025837944082322116 0.0015070053520387817
