8 0.1684520162189766 0.03820547271542622 0.052953025599587235 0.07641094543085244
8 0.16921945137259312 0.2402583507281289 0.052953025599586964 0.13737089249747783
8 0.1688357337957859 0.4758609428886098 0.05372046075320451 0.13890576280471514
8 0.2609279522298499 0.7095449471650459 0.05218559044596964 0.1396731979583336
8 0.1688357337957855 0.938039187749992 0.05218559044596986 0.12392162450001613
2 0.21621420939592023 0.009207322317338295 0.02167302337620205 0.01841464463467659
2 0.21647222157897028 0.2266304763560462 0.02115699901010202 0.054182558440505166
2 0.21673023376202033 0.460905538565468 0.021673023376202093 0.054182558440505166
2 0.30780853437867883 0.6951806007748897 0.021156999010101974 0.05418255844050499
2 0.21647222157897028 0.9297136751673619 0.022189047742302036 0.053666534074405095
3 0.2714288165686255 0.009981358866488233 0.020640974644002164 0.019962717732976466
3 0.24407952516532286 0.1974750996713933 0.021673023376202093 0.05985882646760565
3 0.27168682875167544 0.22766252508824616 0.02115699901010193 0.05521460717270532
3 0.2438215129822729 0.43200817406386516 0.02218904774230208 0.059342802101505575
3 0.2716868287516753 0.46116355074851967 0.020124950277901642 0.055730631538804684
3 0.33515782578198117 0.6662832362732874 0.02218904774230217 0.05934280210150611
3 0.36302314155138427 0.6956966251409897 0.02115699901010206 0.056246655904905296
3 0.2440795251653233 0.9010743228488103 0.020640974644002164 0.06037485083370271
3 0.27142881656862533 0.9297136751673619 0.02167302337620196 0.05676268027100519
0 0.9847884339586923 0.23625537335337068 0.003181542936455095 0.07843843992499515
0 0.40011551857956196 0.705457312126242 0.0036483345405902146 0.07800958869542249
7 0.5303955743565579 0.010392678507550457 0.020383266998276372 0.020785357015100914
7 0.8952847624524634 0.010536222641341108 0.020957443533439247 0.021072445282682217
6 0.9290176338932727 0.20753627507677397 0.025837944082322116 0.0180865608576255
6 0.8773417457286286 0.2174408203083309 0.025837944082322116 0.019522002195532018
6 0.8278190195708435 0.2270582772723017 0.025550855814742236 0.017512384322462892
6 0.7761431314061998 0.2174408203083309 0.025550855814740637 0.02009617873069498
6 0.6901585900348703 0.24631522636000894 0.026250448165966667 0.01792713533285468
6 0.6174896664534758 0.23756507697135315 0.02603702988819432 0.020061318110576033
6 0.5667322366237698 0.2462831067776432 0.025823611610422237 0.017286880499538703
6 0.5165789413473301 0.23731953911121578 0.025823611610422237 0.019421063277259697
7 0.45180649404350265 0.23731953911121623 0.023049173999385088 0.062104718831676564
6 0.384899863961954 0.2462831067776432 0.02539677505487812 0.016433207388450378
6 0.3200207075192404 0.23742624825010178 0.025823611610422237 0.020061318110576033
6 0.3200760979192636 0.43254570400296555 0.025591046921725712 0.020590497523227745
6 0.3815534405243289 0.4421055778530355 0.026767646780195876 0.017354847912434756
6 0.4434720080763205 0.4525479015969582 0.025296896957108128 0.020590497523227568
6 0.49391872700822786 0.4616665505001019 0.025591046921725626 0.018237297806287422
6 0.5437362095955169 0.4519022494122371 0.026179346850960794 0.019413897664757585
6 0.5950653784212768 0.4423423755621676 0.02529689695710822 0.01735484791243369
6 0.6686028695756614 0.4519022494122371 0.025885196886343477 0.019413897664757585
6 0.7306685121099618 0.4421953005798587 0.02647349681557838 0.019413897664757585
6 0.7943519794496584 0.432341276765171 0.025591046921725535 0.019708047629374725
6 0.8762727445956425 0.42175187803893965 0.02529689695710822 0.019708047629374725
6 0.9278960633860202 0.4319000518182447 0.025591046921725712 0.019413897664757228
6 0.9787840072648543 0.42234017796817486 0.025591046921725712 0.020296347558610074
6 0.4468690723118339 0.7155219967089584 0.025921400262470317 0.01840419418635335
6 0.5223003470756227 0.7058014716105319 0.02592140026247023 0.019700264199477145
6 0.575828038617624 0.6960809465121055 0.025662186259845576 0.017367338175854917
6 0.6310406211766858 0.7059310786118445 0.025662186259845576 0.01944105019685214
6 0.7046732661352558 0.7154946663453274 0.025662186259845576 0.016848910170606322
6 0.779197291889858 0.7154946663453274 0.025921400262470317 0.016330482165356663
6 0.8590352046982666 0.7256040124476911 0.025921400262470407 0.01944105019685303
3 0.8306512714108614 0.7254744054463789 0.021514762217850425 0.06065607661418078
4 0.9063417601772749 0.7357133585500545 0.014256770144358732 0.05728629458005976
6 0.9308374834253094 0.7355837515487422 0.024884544251971796 0.017626552178480102
6 0.9829394979528747 0.7257336194490036 0.0254029722572211 0.02021869220472734
6 0.31890342718768616 0.9406334333782697 0.02628518120798451 0.019803903649851053
6 0.3660727249718776 0.9306414638094805 0.02592511023253281 0.01818358426031743
6 0.4145022711701506 0.9495451900207025 0.02592511023253268 0.01782351328486591
6 0.4621313369998852 0.9403831534836125 0.025616268867409354 0.020216082457523397
6 0.510733014688862 0.9305520448912554 0.026170134140218338 0.018277554002692042
6 0.5575346302412099 0.940729319279118 0.02589320150381358 0.01980068350291688
6 0.6049593442254677 0.9498680962804642 0.02575473518561173 0.017862155048085526
6 0.6537687213917479 0.9404523866427029 0.025339336231005392 0.019800683502926474
7 0.7020734374356022 0.9410062519155226 0.022095459055412815 0.06383297269121968
6 0.7717644372092657 0.930240335357766 0.02563055326525223 0.017798995323092016
6 0.818397804955767 0.9208958628131431 0.026342513078176033 0.019044924995708357
6 0.8668110722345768 0.9302403353577666 0.0259865331717144 0.017798995323092016
6 0.9141563997940014 0.9405637526451593 0.02563055326525241 0.01993487476186324
6 0.9619467022365032 0.9305963152642285 0.02652050303140694 0.017798995323092016
6 0.9984608640231893 0.9409197325516215 0.0030782719536212254 0.020646834574786867
