6 0.262317076160762 0.13519050408567984 0.013640487960359665 0.007788753321808705
6 0.289860369157642 0.12072567648803506 0.012066585503395011 0.007046967291160265
6 0.3116326864789853 0.12443460664127733 0.013640487960359594 0.007046967291160265
6 0.33392963795265 0.12832898330218168 0.014165122112681203 0.006676074275836044
2 0.15896414815342172 0.1278062722823755 0.011541951351073068 0.01959007280582271
3 0.17339158734226368 0.11757308585777917 0.012066585503395082 0.022253580919453456
3 0.1878190265311056 0.12795809028685745 0.012591219655716586 0.019286436796859673
6 0.35508982120559857 0.12108636736261745 0.012811083745456954 0.006694205675331695
6 0.3768129632087646 0.12463035860249894 0.013925091027670504 0.006694205675331695
6 0.39770059975027044 0.1285681266468117 0.012254080104350038 0.0066942056753316595
6 0.41803123265066944 0.12463035860249894 0.012811083745456885 0.007481759284194247
6 0.4400328764743888 0.12088947896040182 0.01448209466877735 0.006300428870900436
6 0.4734530949407981 0.12463035860249894 0.01336808738656373 0.007481759284194247
6 0.49420587851693637 0.12092445231614529 0.01365538509693506 0.007018035768275734
7 0.5159534303680728 0.13203238377463603 0.011318905236593863 0.01289205094095772
4 0.5318313391027394 0.1173621189107876 0.007231522790046086 0.021783120555411328
6 0.5447223145110824 0.11780667239151028 0.0135198034770427 0.007557409172285592
6 0.5657880548125211 0.12091854675656905 0.01351980347704277 0.006223748730117542
6 0.5863821740624351 0.12469725134271183 0.013205389442692948 0.007112855691562867
4 0.6148366441710947 0.11747325728096826 0.007231522790046086 0.02156084381505
6 0.6280420336137875 0.1176955340213296 0.012890975408343124 0.007335132431924212
6 0.6487933598808765 0.1211408234969304 0.013519803477042559 0.006223748730117542
6 0.6690730650964406 0.11758439565114895 0.013205389442692877 0.007112855691562903
6 0.6899815983807045 0.12091854675656905 0.0135198034770427 0.006223748730117542
6 0.7107329246477931 0.11747325728096826 0.01289097540834291 0.00689057895120154
6 0.731641457932057 0.11402796780536749 0.012576561373993086 0.007112855691562885
6 0.7637116894357397 0.1211408234969304 0.013834217511392523 0.006223748730117542
4 0.7843058086856489 0.11725098054060677 0.007231522790046059 0.022449950776495017
6 0.7973630964694507 0.11735531746418681 0.013743937025059409 0.006983628206148218
6 0.8163683843869155 0.1175071354686683 0.013529188009042627 0.00667999219718526
6 0.836876915416496 0.12115076757622392 0.01331443899302613 0.006679992197185279
6 0.8560969523499773 0.12107485857398316 0.013958686041075766 0.006224538183740833
6 0.8761759853475248 0.12464258167929802 0.012884940960992993 0.0072872642151111935
6 0.8961476438370639 0.12464258167929806 0.012884940960992993 0.006983628206148272
6 0.9167635493746528 0.12813439578237215 0.013314438993025987 0.006376356188222303
6 0.9370573313882167 0.13170211888768704 0.013099689977009348 0.007135446210629723
2 0.11188423734462305 0.21338020529872506 0.011596446864893759 0.019888158587074115
3 0.12605767240171514 0.20305658099398474 0.011166948832860523 0.02170997464085145
3 0.1401237329507994 0.2136838413076884 0.011381697848877216 0.02019179459603686
6 0.164712495284694 0.21375975030992891 0.012884940960993027 0.006376356188222303
6 0.18393253221817524 0.2101161182023733 0.013529188009042663 0.006983628206148253
6 0.20304519464364815 0.20654839509705844 0.013529188009042663 0.0065281741927037725
4 0.21775550224078188 0.2029047629895028 0.007730964576595802 0.022013610649815087
6 0.23064044320177488 0.20305658099398433 0.012884940960992993 0.007135446210629723
6 0.2498604801352561 0.20685203110602138 0.013099689977009561 0.006831810201666748
6 0.2689731425607291 0.21004020920013253 0.01309968997700949 0.007135446210629759
6 0.28862267752624343 0.21391156831441038 0.012884940960993027 0.007287264215111229
6 0.30795008896773296 0.2101161182023733 0.013314438993026095 0.006983628206148253
6 0.3386591982581021 0.21368384130768844 0.013314438993027049 0.0062245381837407665
6 0.37140842320062356 0.21732747341524378 0.012670191944976351 0.007135446210629723
5 0.3976078031546427 0.2208192875183179 0.013099689977009632 0.006224538183740833
7 0.42445143015671144 0.2173274734152438 0.010522701784810948 0.02292451867670401
0 0.44453046315425887 0.21709974640852156 0.0012884940960992707 0.027934512824593014
6 0.46093973024450213 0.22481075743894682 0.01186118878461456 0.007159578262386817
6 0.4843399842897051 0.22090016084671235 0.012934933864696834 0.006497963340304368
7 0.5081392307733593 0.21711421080688098 0.011646439768597147 0.022552671526518537
6 0.5294066425247107 0.20655383286986037 0.013671907554440138 0.006443620436148159
6 0.551939971642214 0.21031261145761349 0.01417827450090094 0.0075175571755061905
6 0.5756928548050237 0.20642358096346342 0.012521293559928044 0.006183116623353738
6 0.5993645037021916 0.21368384130768817 0.013314438993026059 0.005920902174777858
6 0.6218057758759212 0.2102679362068548 0.013529188009042766 0.0069836282061483635
6 0.6568098654866188 0.21375975030992897 0.013529188009042625 0.006679992197185133
6 0.6766741494681496 0.21732747341524378 0.013314438993025987 0.007135446210629723
6 0.6968605569737053 0.22089519652055864 0.013314438993025987 0.006983628206148289
7 0.7180133350513361 0.21763110942420666 0.010952199816845264 0.012600894371963172
6 0.7376628700168498 0.19918522187970647 0.01331443899302613 0.006983628206148253
3 0.7553796638382153 0.20282885398726208 0.008375211624645686 0.01669998049296325
6 0.7720227125794977 0.20298067199174355 0.013314438993026272 0.006983628206148253
6 0.7921017455770452 0.2066243040992992 0.012670191944976351 0.006376356188222267
6 0.8234551019154616 0.2029047629895028 0.013529188009042627 0.007135446210629723
6 0.8447152545011002 0.2067002131015399 0.01352918800904277 0.006831810201666784
6 0.8647942874986475 0.20305658099398433 0.013314438993026116 0.007135446210629809
6 0.8859470655762778 0.19964067589315093 0.013099689977009632 0.006983628206148253
6 0.9094620828300899 0.19592113478335457 0.01288494096099285 0.007135446210629723
6 0.9361983353241504 0.20313248999622505 0.013099689977009632 0.006983628206148222
2 0.11131703120542032 0.2983650693230218 0.01255455239158875 0.02041367355804524
3 0.12554552391588758 0.28815823254399925 0.010880612072710249 0.02130122458230794
3 0.13998325916621465 0.2991046951765742 0.01129909715242988 0.021301224582308008
6 0.16530160648925196 0.2924480624946029 0.013391522551027997 0.006804557852681725
6 0.18789980079411173 0.2954065659088123 0.01339152255102796 0.006804557852681689
6 0.21259042049756963 0.29185636181176106 0.013391522551027997 0.006212857169839836
6 0.23665331258144812 0.2883061577147097 0.012973037471308367 0.00680455785268176
6 0.26155317482476576 0.28505180395907936 0.013391522551027997 0.006804557852681689
6 0.2921025856442984 0.29215221215318193 0.013391522551027997 0.006212857169839801
6 0.3167932053477563 0.2886020080561307 0.01339152255102796 0.006804557852681725
6 0.3410653399714946 0.2923001373238925 0.012554552391588843 0.00710040819410267
6 0.36491898951551327 0.2955544910795228 0.013391522551028032 0.006508707511260781
6 0.3894003666791113 0.29954847068870555 0.012973037471308402 0.007396258535523579
6 0.4249715984552795 0.29585034142094374 0.013810007630747592 0.00710040819410267
6 0.45008070323845695 0.29244806249460287 0.014646977790186923 0.006804557852681689
6 0.47602677818107364 0.2886020080561307 0.01297303747130833 0.006804557852681725
6 0.5009266404243915 0.28549557947121074 0.013391522551028032 0.007100408194102705
6 0.5268727153670085 0.2887499332268409 0.013391522551028039 0.007692108876944964
6 0.5526095477697651 0.2924480624946029 0.013810007630747663 0.006804557852681725
6 0.590691690024251 0.2957024162502333 0.01213606731186914 0.007396258535523614
5 0.6212411008437837 0.2920042869824715 0.012973037471308402 0.006508707511260745
7 0.6720870380297183 0.3030986747857569 0.010880612072710249 0.02278047628941266
6 0.7135469629319163 0.2957024162502333 0.013810007630747663 0.007396258535523614
6 0.7455610715304677 0.29215221215318193 0.01339152255102789 0.006804557852681689
4 0.7689962359947667 0.2886020080561306 0.008369701594392326 0.022188775606570843
6 0.7813415458464956 0.28874993322684106 0.01213606731186914 0.007692108876944559
6 0.8070783782492527 0.2924480624946029 0.013391522551028032 0.006804557852681725
6 0.8317689979527105 0.2957024162502333 0.01339152255102789 0.007396258535523614
6 0.8568781027358879 0.2884540828854202 0.01339152255102789 0.007100408194102705
6 0.8821964500589254 0.2924480624946029 0.01213606731186914 0.006804557852681725
6 0.9070963123022429 0.2958503414209438 0.013391522551028032 0.007100408194102705
6 0.9319961745455607 0.2886020080561306 0.01297303747130826 0.007396258535523614
2 0.11196557236641674 0.3847458704691044 0.011100860166243027 0.019890150504293373
3 0.1260330417150178 0.3742595666318069 0.011292254307040324 0.022190371991184534
3 0.14000481399322026 0.38488117761539214 0.011292254307040324 0.020701993382019664
6 0.16498174936726706 0.3777775524352874 0.013397589855810566 0.0067653573143854825
6 0.19646608552842185 0.384948831188536 0.01358898399660788 0.006494743021810052
6 0.22106023262087404 0.3813631918119117 0.01339758985581053 0.0074418930458239885
6 0.24603716799492084 0.38488117761539214 0.013206195715013287 0.006359435875522408
6 0.2705356180169744 0.3779805131547189 0.013588983996607844 0.006359435875522337
7 0.3072832930500548 0.3884668169920165 0.011675042588634952 0.023002214868910825
6 0.3308247723681219 0.38143084538505556 0.013206195715013252 0.007306585899536344
6 0.3548447370381822 0.37791285958157517 0.013397589855810566 0.006765357314385554
6 0.3794388841306345 0.38143084538505556 0.013206195715013181 0.007306585899536344
4 0.40049223961833674 0.37419191305866306 0.007464371491094468 0.021513836259746028
6 0.4131242529109581 0.37419191305866306 0.013206195715013252 0.007171278753248629
6 0.4485321689584574 0.37784520600843124 0.012823407433418622 0.006630050168097768
4 0.47149946585413266 0.37419191305866306 0.007464371491094397 0.021784450552321317
6 0.4842271762171527 0.37405660591237533 0.013397589855810566 0.00744189304582406
6 0.5096825969431926 0.3779805131547189 0.013014801574216079 0.006900664460673198
6 0.5338939557540499 0.38122788466562374 0.013206195715013252 0.006900664460673687
6 0.5597321647616849 0.3847458704691044 0.013206195715013252 0.005818207290371547
6 0.5843263118541372 0.38826385627258486 0.013397589855810566 0.007441893045824131
6 0.6099731267209745 0.39191714922235316 0.013014801574215867 0.006088821582946906
5 0.6351414562358186 0.3847458704691044 0.01358898399660788 0.0060888215829469775
6 0.6720805254096962 0.3847458704691044 0.012823407433418622 0.005818207290371547
6 0.6978230373469324 0.38833150984572884 0.013397589855810708 0.007035971606960842
6 0.7227042756505804 0.3918494956492093 0.013780378137405194 0.006224128729234621
6 0.7495951524326001 0.3884668169920165 0.012823407433418765 0.0075772001921117745
6 0.7747634819474443 0.38488117761539214 0.013397589855810282 0.006630050168097768
6 0.8121810364733152 0.3813631918119117 0.013206195715013393 0.0071712787532487
6 0.8428040990008822 0.39205245636864083 0.01358898399660788 0.006359435875522337
6 0.8787861974707735 0.38833150984572884 0.013206195715013252 0.007035971606960842
6 0.902997556281631 0.38508413833482374 0.013014801574215938 0.0067653573143854825
6 0.9274960063036845 0.3813631918119117 0.013014801574215938 0.0071712787532487
0 0.9473852851221534 0.3882345444771599 0.001438920542409079 0.027974452962457406
0 0.9526248514641682 0.3882854071189106 0.0013200157637280802 0.028076178245957227
2 0.1590403064169152 0.4700954245556484 0.011095835331412687 0.019797423521215194
8 0.13526351642103085 0.47541831672880536 0.02747540177302188 0.05098770397445051
8 0.08757784315150734 0.390065273811868 0.02826796143955148 0.050614167681597454
8 0.0877099364292622 0.3047122308949306 0.028003774884041557 0.05210831285300989
8 0.08731365659599746 0.21889226761192687 0.027739588328531725 0.05117447212087711
8 0.1349993298655213 0.13353922469498955 0.02641865555098266 0.050800935828023946
3 0.17326795648839188 0.4596031102442697 0.01136499103147873 0.02206094929172494
3 0.18761866550271672 0.4705654955404664 0.01117236406484352 0.02056298359907693
7 0.23134498692891436 0.4779872346540421 0.011942871931384375 0.02206094929172546
6 0.27786439937132323 0.4670248493578439 0.013291260697831113 0.007489828463239974
6 0.30724001178319627 0.4707016742397981 0.013098633731195868 0.00667275626725008
6 0.3361340567784811 0.46675249195918056 0.013098633731195831 0.007217471064576628
6 0.38274978270420745 0.4778510559547089 0.013483887664466322 0.006536577567918442
6 0.4296544490798863 0.4739018736740919 0.013676514631101543 0.007353649763907391
6 0.4765591154555658 0.46695676000817804 0.013483887664466253 0.007353649763908265
6 0.534732459379406 0.4705654955404664 0.013483887664466253 0.006945113665913425
6 0.5663232819075842 0.4740380523734231 0.013483887664466253 0.007353649763908336
6 0.5972399100525391 0.47063358489013224 0.013676514631101498 0.007081292365245062
6 0.6480934292442404 0.46341611382555553 0.013291260697831007 0.006808934966581788
6 0.679106370872513 0.4668205813088464 0.013676514631101639 0.007353649763908336
6 0.7295746361309441 0.4705654955404664 0.013291260697830865 0.006945113665913425
6 0.7729157036238677 0.4739018736740925 0.013291260697830803 0.007353649763906412
6 0.8196277430329153 0.4668205813088464 0.013098633731195831 0.007626007162571469
6 0.866147155475324 0.47036122749146897 0.013291260697831007 0.0065365775679185134
6 0.9284390818950111 0.4668205813088464 0.013291260697830865 0.007081292365244991
0 0.9418495533629705 0.5595582755536901 0.0017336426997169951 0.027780454663653628
7 0.892729676870986 0.5597625436026875 0.010979737098208108 0.022741842788383065
5 0.8476549666783416 0.5630989217363126 0.013676514631101356 0.006808934966581717
6 0.8096111407678844 0.5595582755536885 0.013098633731197629 0.0076260071625715966
6 0.780042901389375 0.556221897420065 0.012906006764560517 0.0072174710645766995
6 0.7144534192500782 0.5524769831884451 0.013483887664466322 0.007353649763908407
6 0.682381029305312 0.5561538080703993 0.013291260697831148 0.006808934966581788
6 0.6312385696636577 0.5594901862040242 0.013483887664466322 0.0072174710645766995
6 0.5997440606187956 0.556221897420064 0.01290600676456089 0.006945113665912961
6 0.5683458650572543 0.5595582755536898 0.013291260697831058 0.007353649763908881
6 0.536273475112488 0.5633712791349759 0.013098633731195903 0.007081292365245062
6 0.5052605334842157 0.5595582755536883 0.013483887664466718 0.007353649763908931
6 0.44458303899411716 0.5561538080703993 0.013483887664466253 0.006808934966581788
6 0.3958484164354034 0.5524088938387779 0.013098633731195923 0.007489828463239948
6 0.3655096691903541 0.5488682476561567 0.013676514631101498 0.0064003988685867345
6 0.33517092194530496 0.5453276014735341 0.013098633731195831 0.007489828463239974
6 0.3047358612169382 0.5417188659412459 0.013483887664466288 0.006808934966581859
7 0.27487868138847715 0.5597625436026875 0.01078711013157303 0.012119904240515424
6 0.22527723747990472 0.5632351004356443 0.013291260697831042 0.006536577567918371
6 0.19503480371817314 0.5595582755536901 0.013291260697831077 0.00708129236524492
6 0.16479236995644161 0.5561538080703993 0.012906006764560586 0.006808934966581788
8 0.08745264285239596 0.5610562412463355 0.026967775328932263 0.05065847615136833
2 0.1118199541317526 0.5554729145737411 0.010979737098208275 0.01960973270375554
3 0.12626697662939507 0.5450552440748709 0.011364991031478713 0.022469485389719778
3 0.14013611822713176 0.5560176293710655 0.011364991031478644 0.020971519697071842
8 0.13512288751298854 0.6567497540251207 0.027810052261117862 0.05102717467288467
2 0.15900556598150603 0.6514219166695657 0.01146368566488825 0.019360310390594396
3 0.1731228825873406 0.6409913618467309 0.011675976140163998 0.02221182897525421
3 0.18745248966845007 0.6517220765205749 0.011039104714336896 0.019960630092630244
0 0.20666477768090288 0.6553990346955457 0.001486033326929963 0.027314546442543986
6 0.23129047281288515 0.6481951982711385 0.012949718991818245 0.007503996275424214
6 0.2537932631921103 0.6446683200216893 0.013374299942369668 0.007053756498898594
7 0.27618990833369705 0.6555491146210507 0.010614523763785464 0.012906873593727702
6 0.29731281062363074 0.6373894436345278 0.013374299942369668 0.007503996275424214
6 0.3190725843393909 0.6411414417722398 0.01316200946709401 0.007503996275424072
6 0.3414692294809782 0.644593280058935 0.013374299942369702 0.006603516722373115
6 0.36322900319673834 0.6483452781966471 0.01273742851654255 0.007203836424407228
6 0.38530721262541223 0.6519471964088506 0.013162009467094081 0.006903676573390385
6 0.4073854220540859 0.6481201583083843 0.013586590417645468 0.007353916349915721
7 0.44113960762292004 0.6552489547700314 0.01103910471433636 0.022511988826273054
6 0.46226250991285667 0.6518721564460964 0.013374299942369631 0.006753596647881892
6 0.48434071934153056 0.6483452781966471 0.013374299942369702 0.007203836424407228
6 0.5061004930572907 0.6447433599844433 0.013586590417645397 0.006603516722373257
6 0.5280725572483265 0.6482702382338928 0.012949718991818316 0.007353916349915721
6 0.5495138952511732 0.6447433599844433 0.01379888089292102 0.006603516722373257
6 0.5832680808200109 0.6410664018094856 0.013374299942369773 0.007353916349915721
6 0.6049217092981334 0.6447433599844434 0.013374299942369702 0.0069036765733901
6 0.6273183544397196 0.6410664018094849 0.013586590417645306 0.007353916349916925
6 0.6486535472049282 0.6373144036717728 0.013798880892920924 0.007053756498900269
6 0.6707317566336032 0.6410664018094856 0.013374299942369702 0.007353916349915721
6 0.6923853851117255 0.6373894436345278 0.013374299942369702 0.007203836424407087
6 0.7280501849580446 0.6337875254223241 0.012949718991818316 0.007503996275424143
1 0.7497038134361668 0.6257582494076204 0.0091284904368554 0.020560949794662164
6 0.7638211300420015 0.6304107270983833 0.01273742851654248 0.0073539163499156505
6 0.7884468251739769 0.634012645310582 0.01358659041764353 0.007053756498896506
6 0.8116926322166742 0.6373894436345278 0.01337429994236956 0.007203836424407087
6 0.8319663726055043 0.6412915216977483 0.01316200946709401 0.007203836424407087
6 0.8755920652746626 0.6269588888116883 0.012949718991818316 0.007353916349915792
2 0.8945384252825229 0.6259083293331288 0.011888266615439846 0.02086110964567922
6 0.909823339502374 0.6302606471728748 0.01316200946709401 0.0073539163499156505
6 0.9344490346343562 0.6340126453105869 0.01316200946709415 0.0073539163499156505
8 0.08746367581359159 0.7422953115649539 0.02759776178584198 0.05132733452390305
2 0.11198322570793512 0.7364421944701206 0.011251395189612903 0.020410869869154837
3 0.12588825183849553 0.7263117994983039 0.011039104714336858 0.02206174904974702
3 0.1402178589196056 0.7371925940976665 0.011251395189612334 0.020410869869151988
6 0.16707260404198188 0.719633242813173 0.013162009467093878 0.00720383642440395
6 0.1915921539363265 0.7227849212488526 0.013798880892920983 0.007203836424406813
6 0.21451952526610413 0.7266869993120753 0.01294971899181828 0.007503996275424214
3 0.23405024899146937 0.7297636377849992 0.010826814239061164 0.021461429347712908
6 0.24859214654785544 0.7302138775615247 0.01316200946709401 0.00675359664788175
6 0.27035192026361565 0.7267620392748294 0.012949718991818208 0.007353916349915721
6 0.2918994035041001 0.7227098812861005 0.013586590417645325 0.007053756498898735
6 0.314614484358601 0.7302138775615244 0.013162009467093973 0.006453436796864622
5 0.34826252468980085 0.726611959349321 0.012949718991818245 0.007053756498898735
7 0.40887145538101594 0.7407194723471184 0.012312847565991093 0.022962228602797837
6 0.44867591949521135 0.7267620392748294 0.013374299942369702 0.007654076200932707
6 0.47362005034010685 0.7196332428131731 0.013162009467093241 0.007503996275424058
3 0.4969720026204282 0.7225598013605798 0.011039104714337585 0.02116126949669641
6 0.511620045414459 0.7228599612116067 0.013586590417645228 0.007353916349915711
6 0.5369887572099064 0.7194831628876673 0.013798880892921098 0.0072038364244085855
6 0.5626759047182671 0.7267620392748294 0.013374299942369702 0.007654076200932707
4 0.5821004832059945 0.7226348413233461 0.007642457109925544 0.021311349422204556
6 0.594944056960175 0.7230850810998715 0.013374299942369702 0.007503996275424214
6 0.6207373497061728 0.7195582028504215 0.013162009467093987 0.007053756498899683
5 0.657888182879416 0.7266869993120574 0.012737428516541947 0.007503996275427752
7 0.6835753303877836 0.7412447520863981 0.011039104714336929 0.012906873593729528
1 0.7069272826681118 0.7112287669847014 0.009340780912131237 0.0204108698691536
6 0.7201954373728435 0.715731164749956 0.01337429994236956 0.007503996275424214
6 0.751295992000735 0.7195582028504223 0.01316200946709401 0.007353916349915437
6 0.7798490609253176 0.722935001174363 0.013374299942369845 0.00720383642440737
6 0.8158322964845505 0.7266119593493207 0.013162009467093868 0.007353916349916395
6 0.8396088297154298 0.7302138775615244 0.01316200946709401 0.00675359664788175
6 0.862754207734254 0.733815795773728 0.012949718991818316 0.007353916349915579
6 0.886106160014582 0.7374927539486859 0.012949718991818173 0.0069036765733901
6 0.91041341943365 0.7337407558109728 0.013162009467093984 0.007203836424409405
6 0.9337020244741209 0.7301492985483011 0.013163976175868725 0.0069132854196125495
8 0.08685544362455465 0.8276519391522588 0.027226209701295478 0.04988141395480226
8 0.08743064523796211 0.9135208095022702 0.027609677443566998 0.05096579251903774
2 0.1117808468722189 0.8223655936516117 0.011120564525881118 0.01978990879728599
2 0.111677560506396 0.9079372935126608 0.01118847544962037 0.01918847873681685
3 0.1261811397929409 0.8976106694596402 0.01160286342923595 0.021678586664496943
3 0.1402703310998703 0.9083034858549663 0.01118847544962037 0.020506771169117
3 0.12607754279803696 0.8118484228916547 0.011395669439428196 0.022118017475262094
3 0.1401667341049664 0.8226877162239024 0.010981281459812553 0.020360294232194872
0 0.431640657855867 0.7405759086318565 0.0011795603283412958 0.028144013535393527
0 0.685742794718819 0.8263299408221634 0.0014279962384240808 0.028607261727684786
0 0.9419299602963346 0.9118599776009318 0.001801448316191698 0.028529056788453015
7 0.6590960369305395 0.8262436506123356 0.011584557153624742 0.022839067823710556
7 0.9128824754414464 0.9119526901731095 0.012499869086707775 0.02263374242838353
2 0.23856282791111647 0.822896326808232 0.008855281839381987 0.016728317152138173
3 0.6727917466283941 0.9190998587591236 0.011235041691540033 0.021709977939867002
4 0.707714001219598 0.9228064403586131 0.007302777099501014 0.021180466282797142
5 0.16518601685460055 0.8228429611578008 0.013174729790910042 0.006342355124407248
6 0.21026241378207128 0.8297840700876591 0.013362940216494437 0.006298002990670142
6 0.2547741794327887 0.8265020121911126 0.01304925617385372 0.007185045665412417
6 0.2803797581091175 0.8228497704121787 0.012944160308417593 0.0066997995406411805
6 0.3069615158853324 0.8264447847998398 0.013406451748004004 0.007026619030428827
6 0.33851290663710015 0.8299580943150537 0.013175306028210841 0.006209570305960309
6 0.3817371562384234 0.8299580943150542 0.013175306028210656 0.006536389795747653
6 0.4177958885261582 0.8337982233200562 0.013637597467797136 0.007026619030428407
6 0.44287519912371737 0.8371481230903766 0.012944160308417664 0.006863209285535135
6 0.47881835855155563 0.8370664182179297 0.013175306028210798 0.006372980050853983
6 0.5033198048496317 0.8407431374780381 0.01363759746779705 0.007190028775321924
6 0.5285146883070876 0.8443381518656992 0.013637597467797156 0.006536389795747532
6 0.5533628531848536 0.8407431374780377 0.013406451748003928 0.007190028775322356
5 0.5896527311923816 0.837393237707717 0.013406451748003931 0.0066997995406411805
6 0.7022206967316562 0.8374749425801639 0.01340645174800386 0.0065363897957475105
6 0.7279934444885905 0.8407431374780374 0.01317530602821094 0.007190028775323206
6 0.7529419322265667 0.8372024518661205 0.013205806027589029 0.006318227857446607
6 0.778681888484708 0.8335814991053451 0.013493482506493137 0.007173547644045186
6 0.8038877138068372 0.8371301157590483 0.013385534646441216 0.006486718614296052
6 0.8300110959394079 0.8336196562736646 0.013385534646441216 0.007097233307406299
6 0.8553788430516153 0.8299184109466838 0.013385534646441074 0.006257775604379674
6 0.8809085119539003 0.8336196562736646 0.013277586786389435 0.006944604634128524
6 0.9061143372760293 0.8370919585907295 0.013385534646441344 0.006105146931100852
6 0.9317519540383665 0.8336959706103033 0.013277586786389435 0.00740249065396128
6 0.8854423220760819 0.9049735610309196 0.01284579534618146 0.00740249065396128
6 0.8585093309931215 0.908369549011345 0.013385534646441356 0.006410404277657164
6 0.8239660157764984 0.9155049394870702 0.01338553464644105 0.006334089941018276
6 0.7897465441400322 0.9191298704774123 0.01316963892633737 0.007173547644044902
6 0.7660519888586301 0.9225258584578379 0.013277586786389151 0.006486718614296052
6 0.7433289643176958 0.9192443419823705 0.01316963892633737 0.007249861980683647
6 0.7204979919167093 0.9227166442994349 0.013277586786389151 0.006410404277657164
6 0.6877358163909438 0.9191298704774123 0.013385534646441216 0.007173547644044902
6 0.6520590486437761 0.9155812538237094 0.013277586786389151 0.00633408994101842
6 0.16462687024713918 0.9155471435658749 0.013405057290383554 0.006678873089893216
6 0.19884168314068965 0.9084621227880828 0.013405057290383588 0.006408107964627021
6 0.22609863296446953 0.9118918143747845 0.013532724502672965 0.00731065838218074
6 0.25214274427150046 0.9155020160449974 0.013532724502672906 0.0067691281316483295
6 0.29088974320132344 0.9120271969374179 0.013149722865804812 0.007400913423935691
6 0.31418900944413297 0.9155471435658749 0.013532724502672906 0.006498363006382561
6 0.3379351109299553 0.912117451979173 0.013022055653515423 0.007400913423935407
6 0.3607875419297521 0.9086426328715936 0.01327739007809427 0.006949638215159126
6 0.3845974770217191 0.9120271969374177 0.01289438844122607 0.00703989325691424
6 0.40821591129525214 0.9084621227880828 0.013405057290383625 0.006588618048137675
6 0.44294139303796 0.9048519211178706 0.013149722865804918 0.007130148298669639
6 0.46758116500980756 0.9084169952672052 0.013149722865804337 0.007039893256914238
6 0.49209326976936635 0.912117451979173 0.013149722865804847 0.007400913423935549
6 0.5171798769842271 0.9155471435658749 0.0132773900780942 0.006498363006382561
6 0.5419473161683643 0.9120271969374179 0.013022055653515423 0.007220403340424894
6 0.566842422564791 0.9086877603924712 0.013277390078094128 0.006859383173403728
6 0.5914183609304942 0.9120271969374177 0.01289438844122607 0.00703989325691424
6 0.6163134673269208 0.9155471435658749 0.013149722865804705 0.006498363006382561
