8 0.08726093094757398 0.13298198563173708 0.02747605727555708 0.05080263991630205
8 0.08742381860404519 0.21578135604531581 0.027622988063126897 0.051114312553825376
8 0.08720342242269082 0.2945825878991303 0.027476057275557283 0.05121820343299946
8 0.08735035321026047 0.3942139410274203 0.026888334125277844 0.05101042167465089
8 0.08735035321026036 0.49342973063901324 0.026888334125277885 0.051010421674651016
8 0.08727688781647545 0.599294536517768 0.027035264912847513 0.050802639916301996
8 0.0874238186040452 0.7047437788798273 0.027622988063126856 0.05059485815795337
8 0.08757074939161512 0.8176212191028576 0.027329126487987163 0.050698749037127386
8 0.08735035321026029 0.9168889541540369 0.027182195700417345 0.0510104216746511
2 0.11218165630956058 0.9109671740410935 0.011607532218015984 0.0200509396806673
3 0.12658087349140335 0.9115905193161404 0.011019809067736934 0.020466503197364955
3 0.12665433888518815 0.8123227842649612 0.011166739855306647 0.0205703940765396
2 0.11210819091577567 0.8118552753086763 0.011166739855306775 0.019843157922318395
2 0.11225512170334556 0.699185616843996 0.011460601430446521 0.019947048801492853
3 0.12665433888518815 0.6994453440419305 0.01087287828016696 0.020466503197364982
3 0.12636047731004854 0.5938402653611103 0.010872878280166967 0.020570394076540127
2 0.1121816563095606 0.5935805381631738 0.01160753221801612 0.019843157922318392
2 0.11232858709713031 0.4876637868448303 0.011313670642876427 0.01973926704314401
3 0.12665433888518826 0.4880274049219407 0.011166739855306796 0.02046650319736509
3 0.12665433888518832 0.3887077244311741 0.011166739855306617 0.02046650319736512
2 0.1121816563095606 0.38834410635406313 0.011313670642876581 0.01973926704314394
2 0.11225512170334558 0.2890763713028848 0.011460601430446329 0.020050939680666936
3 0.1265074080976185 0.2894399893799955 0.010872878280166894 0.02036261231819045
3 0.12650740809761862 0.21022319400948336 0.011166739855306607 0.0206742849557139
2 0.11225512170334564 0.20996346681154737 0.011166739855306786 0.019947048801492877
2 0.11225512170334541 0.12757799962621466 0.011460601430446254 0.01973926704314396
3 0.12650740809761868 0.12783772682415093 0.010872878280167147 0.020674284955714058
0 0.5322741273764326 0.13131024752488782 0.001804597133962247 0.0285356191617689
0 0.941835649643427 0.13125224829894924 0.0016405428490564589 0.027723629998629137
0 0.9519249881651257 0.21407514293920535 0.0014764885641510262 0.029347608324908663
0 0.7921783954683518 0.21395914448732822 0.0020481441010834034 0.028651617613646006
0 0.4165112389019028 0.21390096298262457 0.0014418389923043407 0.028418179770703135
0 0.14847638380642136 0.21390096298262445 0.001944473590352781 0.028163308203252847
0 0.2828306926264583 0.2929541654570088 0.002223244174530841 0.028474586293650253
0 0.5068373552995635 0.29290381729638004 0.00192329426968449 0.028314035671983363
0 0.7178575425778613 0.29281089834589535 0.0020337217097049633 0.028400320404328775
0 0.9519397725420632 0.29311154228567576 0.0017414063341114172 0.029612823322707447
0 0.5589029655966367 0.3922141839479005 0.001831516988621118 0.028608109199666457
0 0.9517978028903832 0.3923902385287589 0.00149851389978096 0.02919675342188185
0 0.9519725802218814 0.4916356543942686 0.001831516988621047 0.029432211110768092
0 0.5637742294064346 0.491459061127604 0.0019980185330410903 0.02860810919966653
0 0.43590104329180335 0.5974738855485903 0.0019980185330410903 0.02872583804410958
0 0.9519643044348033 0.5975327499708117 0.0018315169886209048 0.02884356688855263
0 0.9518893294496712 0.7030177945918042 0.0016650154442007193 0.02884356688855263
0 0.6299585933134214 0.7030766590140257 0.001831516988621047 0.028490380355223267
0 0.3400794044780398 0.7030177945918044 0.001498513899780818 0.02837265151078029
0 0.455215222444534 0.8157431631460456 0.0016650154442010034 0.028254922666337164
0 0.6565988404206365 0.8158020275682673 0.001498513899780818 0.02790173613300823
0 0.9519751499209196 0.8158020275682649 0.001705107413854433 0.028137193821893905
0 0.8947285545033489 0.9150842155960299 0.0016621177381222197 0.028075167099354984
0 0.5121631130274785 0.9151198652664145 0.0019391373611425422 0.028205749271910177
0 0.14839017806457366 0.9153157385252473 0.001846797486802405 0.028205749271910177
6 0.1891277530421705 0.1351871433148186 0.01404005153588166 0.006715560035077388
6 0.24053911822503127 0.12438385108447672 0.012801223459186203 0.007299521777258011
6 0.2785298459103581 0.12796061675533316 0.013627108843649864 0.006569569599532219
6 0.3045452355209622 0.12452984152002193 0.01362710884364987 0.00729952177725798
6 0.3394388930145506 0.12438385108447676 0.013214166151418067 0.007299521777258022
6 0.3775328563729354 0.12803361197310573 0.013420637497533932 0.007007540906167708
6 0.40313530329130776 0.12438385108447672 0.013007694805302067 0.007299521777258011
6 0.4389580818424176 0.12445684630224932 0.013214166151417928 0.007445512212803216
6 0.47663910250857056 0.12796061675533316 0.013420637497534003 0.006569569599532219
6 0.502448020773059 0.12438385108447672 0.013420637497534003 0.007299521777258011
6 0.5488008379760799 0.12438385108447672 0.013214166151417999 0.007299521777258011
6 0.5873077440266965 0.12796061675533316 0.01342063749753386 0.006861550470622575
6 0.6130134266181269 0.12095307584916547 0.013214166151417999 0.006569569599532202
6 0.6489394408422947 0.1244568463022493 0.013214166151418141 0.007153531341712842
6 0.6873431112198533 0.12803361197310575 0.013627108843649864 0.006423579163987067
6 0.7133585008304576 0.13168337286173476 0.013627108843650006 0.007299521777258047
6 0.7494909864007411 0.12810660719087832 0.013627108843650006 0.006569569599532237
6 0.7849008222596177 0.12452984152002196 0.013420637497533932 0.007299521777257887
6 0.8143229890811358 0.12810660719087832 0.013627108843649864 0.006569569599532237
6 0.8440548629218264 0.13153738242618956 0.013214166151418141 0.007007540906167708
6 0.8806002911843422 0.13518714331481865 0.01362710884365015 0.006423579163987041
6 0.9100224580058586 0.13883690420344763 0.013007694805302067 0.007299521777257994
6 0.929148018149123 0.2033137969117181 0.01327230027520045 0.006624347984743259
6 0.9005865484392551 0.20326779449515742 0.013142179684267319 0.0067163528178646814
6 0.8739768875933873 0.20699399023657544 0.013272300275200592 0.00736038664971467
6 0.8476274679293863 0.21035216664550782 0.013662662048000556 0.0067163528178646814
6 0.8188708173331185 0.21757454604554036 0.013402420866133866 0.0064403383185003445
6 0.7664322191869829 0.2212547393703977 0.013662662048000413 0.007176376983471897
6 0.7439213569555153 0.21762054846210105 0.013662662048000413 0.0063483334853788875
6 0.7208900123603144 0.21053617631175064 0.013402420866134008 0.006164323819136044
6 0.6978586677651134 0.21417036722004723 0.013402420866133724 0.007360386649714706
6 0.674870444875761 0.21036905093215819 0.013142179684267176 0.0059803141528932
6 0.6519041605760273 0.2141872515066977 0.013272300275199616 0.006992367317228975
6 0.6290679968672258 0.21041505334871893 0.013402420866134008 0.006624347984743259
6 0.606231833158425 0.20696487210666517 0.013532541457067282 0.007452391482836127
6 0.5828101267904239 0.21032304851559747 0.01353254145706721 0.006624347984743224
6 0.5600390233770898 0.21404924425701552 0.01353254145706714 0.007268381816593283
6 0.5372679199637568 0.21041505334871924 0.013012059093333478 0.006072318986014715
6 0.5085763296629545 0.20696487210666517 0.013922903229867237 0.007268381816593152
6 0.48508956299948663 0.20346868844805066 0.01353254145706714 0.006532343151621767
6 0.46231845958615275 0.207056876939787 0.01327230027520137 0.007452391482836126
6 0.43317144721708445 0.21046105576527963 0.013272300275200521 0.006348333485378923
6 0.3984292494378833 0.20696487210666517 0.013272300275200533 0.007268381816593064
6 0.3746171812970821 0.21036905093215819 0.013272300275200592 0.006348333485378959
6 0.3451448674506809 0.20696487210666514 0.013142179684267176 0.007268381816593248
6 0.32081231694614654 0.2071028793563473 0.013922903229867209 0.007360386649714706
6 0.29745567087361224 0.21041505334871893 0.013272300275200558 0.0058883093197717425
6 0.2676580555498777 0.20696487210666517 0.01353254145706721 0.00708437215035044
6 0.2443014094773434 0.2104150533487189 0.013142179684267247 0.00644033831850038
6 0.2204893413365424 0.20691886969010448 0.013142179684267176 0.007176376983471861
6 0.19641703201387473 0.2032846787818078 0.013402420866133902 0.006532343151621767
6 0.1726700241685404 0.21763743274875147 0.013272300275200558 0.006532343151621767
6 0.15381105076582346 0.29674858749455774 0.013838542471574122 0.006351580904515544
6 0.18075979136836248 0.2895386848461887 0.013352979577834673 0.006351580904515508
6 0.20734435980059693 0.2860195656963896 0.013595761024704379 0.007209902648368995
6 0.23356475606252686 0.28241461437220505 0.01408132391844383 0.006866573950827579
6 0.2612418410056751 0.2825004465465904 0.01359576102470438 0.006694909602056924
6 0.29972270033452575 0.29649109097140125 0.013352979577835105 0.006866573950827601
6 0.33164846059789427 0.2895386848461887 0.013110198130965003 0.0060082522069741275
6 0.37606846120119825 0.28607863722635485 0.013110198130964932 0.00738156699713965
6 0.4173413071690508 0.28247368590217037 0.013110198130964932 0.0070382382995983405
6 0.456429120115076 0.2825595180765557 0.013110198130964932 0.0065232452532862336
6 0.48434898650509395 0.282387853727785 0.013595761024704344 0.005836587858203437
6 0.5238009716214237 0.28238785372778497 0.013352979577834673 0.0065232452532862336
6 0.5556053411613572 0.28238785372778497 0.013352979577834673 0.0065232452532862336
6 0.6022193789603436 0.2823020215533996 0.013352979577834745 0.006694909602056924
6 0.6438563970985008 0.28247368590217037 0.013110198130964932 0.00669490960205696
6 0.6845222894491791 0.2825595180765557 0.013352979577834673 0.0065232452532862336
6 0.7345352675043418 0.2965501625013669 0.013838542471574016 0.006008252206974092
6 0.7830747772219041 0.2895977563761539 0.013352979577834816 0.0065232452532862336
6 0.8267754376584509 0.286164469400739 0.01335297957783626 0.007209902648368965
6 0.8676841114560017 0.28247368590217037 0.013595761024704273 0.00669490960205696
6 0.9070147058488968 0.28238785372778497 0.013110198130964932 0.0065232452532862336
6 0.9346917907920449 0.28221618937901427 0.013595761024704415 0.0065232452532862336
6 0.17291264959010058 0.9192172266862589 0.013335165778156863 0.0062859623434209765
6 0.22077107788281908 0.9115693058350967 0.01422417683003399 0.006495494421535
6 0.26937034871876847 0.9081120265462153 0.013631502795449287 0.007124090655877211
6 0.3178214510460717 0.9082167925852719 0.0133351657781569 0.006914558577762623
6 0.3536782301384492 0.9082167925852721 0.013927839812741417 0.007333622733991314
6 0.41383464464880104 0.9010927019293951 0.013335165778156863 0.007752686890218996
6 0.43931962813594533 0.9045499812182766 0.013927839812741639 0.007124090655876927
6 0.46569362267496667 0.9009960930911197 0.013927839812741497 0.006914558577763046
6 0.4911786061621109 0.8977483458803522 0.013927839812741568 0.007124090655877211
6 0.5289615758668886 0.9046629044581153 0.01363150279544925 0.006285962343420834
6 0.5393333714721217 0.9080154177079399 0.013631502795449179 0.007124090655877211
6 0.5649665234679119 0.9009960930911197 0.013927839812741705 0.007333622733991086
6 0.5763754986336685 0.9048724365362293 0.013038828760864476 0.007124090655876927
6 0.6028976616813359 0.9082249497860541 0.013335165778156785 0.007124090655877034
6 0.6279381396425419 0.9046629044581153 0.013631502795449321 0.006705026499648881
6 0.6537194601469785 0.9117869951139923 0.01363150279544925 0.006705026499649023
6 0.680389791703292 0.9082249497860537 0.013631502795449344 0.0075431548121052605
6 0.7054302696644977 0.9152442744028739 0.013335165778156863 0.007752686890219132
6 0.7405569413605261 0.9118836039522676 0.013335165778157005 0.007124090655877069
6 0.7820441237814585 0.9118836039522676 0.013927839812741639 0.006705026499649023
6 0.8082699498118336 0.9082167925852721 0.013631502795449392 0.007333622733991234
6 0.8340512703162701 0.9155504153192632 0.013038828760864476 0.00733362273399095
6 0.8662038366924929 0.9190076946081447 0.013335165778156863 0.007124090655877211
6 0.15380037177989603 0.8089397404139246 0.013048165138218054 0.007668374394059612
6 0.18032034378159895 0.8016907302445401 0.013556535208538278 0.007069282644523725
6 0.20201080011526018 0.8053451899167091 0.012878708448111348 0.0069494642946165185
6 0.2235317997588146 0.8087600128890636 0.01321762182832476 0.007308919344338136
6 0.24511910223938208 0.8088337710484294 0.013048165138218054 0.007308919344338136
6 0.26638591684777646 0.8124283215456449 0.013217621828324831 0.0065900092448950435
6 0.2940073573351731 0.816082781217814 0.013556535208538244 0.00718910099443093
6 0.3351006046860547 0.8124283215456449 0.013387078518431537 0.00611073584526622
6 0.36933085608761373 0.8123085031957378 0.013387078518431466 0.005871099145451808
6 0.39093658407622156 0.808893680223383 0.013217621828324795 0.00718910099443093
6 0.4121186703395625 0.816082781217814 0.013217621828324724 0.00718910099443093
6 0.43931646910169236 0.8195575133651221 0.01372599189864502 0.006470190894987837
6 0.4719368819472375 0.8194976041901687 0.013556535208538278 0.00611073584526622
6 0.514639967854133 0.8124882307205985 0.013217621828324795 0.0069494642946165185
6 0.5493785893260121 0.8087738618734758 0.013556535208538136 0.00718910099443093
6 0.5808128053408103 0.8088337710484294 0.013048165138218194 0.007308919344338136
6 0.6216518676565316 0.8088337710484294 0.013387078518431466 0.007308919344338136
7 0.6740139848995073 0.8198570592398875 0.01338707851843109 0.019770027734684045
6 0.6954502561980088 0.8053590389011178 0.013217621828325966 0.0070692826445237335
6 0.7174796259118864 0.8090134985732901 0.013217621828324724 0.007428737694245342
6 0.7386617121752228 0.8052392205512087 0.013217621828326219 0.006829645944706258
6 0.7600979834737285 0.8124882307205985 0.013048165138218194 0.006470190894987837
6 0.7810258847019094 0.8088936802233829 0.013217621828324724 0.0071891009944310726
6 0.8023774276553571 0.8160827812178139 0.013217621828324866 0.0074287376942452
6 0.8318628917339279 0.8123085031957377 0.012878708448111382 0.006590009244894901
6 0.8667709698959137 0.8125481398955521 0.013556535208538207 0.0065900092448950435
6 0.8873599577438804 0.808953589398336 0.01338707851843136 0.007069282644524876
6 0.9093893274577557 0.8160228720428603 0.013387078518431395 0.007069282644523725
6 0.9360787561495656 0.8195575133651221 0.012878708448111382 0.006470190894987837
6 0.18160276067994885 0.3782585429761378 0.013141143335625181 0.007619239403819762
6 0.2086735159513367 0.3817429512400798 0.013403966202337685 0.0067829814204736745
6 0.2352186254892995 0.3781656254224326 0.013403966202337685 0.007061734081589108
6 0.2741821154794281 0.3782585429761378 0.013009731902268874 0.00743340429640952
6 0.3281922145888474 0.3781191666455801 0.01300973190226891 0.007526321850114641
6 0.3759681108322356 0.37822090235668726 0.013141143335625145 0.007340486742704329
6 0.40211898607012964 0.3817053106206292 0.013403966202337613 0.006504228759358312
6 0.4291897413415174 0.37812798480298215 0.013666789069050082 0.007154651635294158
6 0.45580055659615853 0.3742719063242197 0.01327255476898138 0.006690063866768554
6 0.4823456661341211 0.38189114572803945 0.013535377635693848 0.006690063866768554
6 0.5093507156888308 0.37822090235668726 0.013141143335625216 0.007340486742704329
6 0.5359615309434718 0.38546847154568653 0.013535377635693848 0.007154651635294229
6 0.5760420181171285 0.38528263643827626 0.01327255476898145 0.007154651635294158
6 0.6101432850730757 0.3888135034790708 0.013141143335625145 0.007154651635294158
6 0.6332059916270978 0.38532909521512876 0.01327255476898145 0.007061734081589108
6 0.6677671985997921 0.37822090235668726 0.01300973190226884 0.007340486742704329
6 0.693852368121008 0.3816588518437766 0.013403966202337613 0.0067829814204736745
6 0.7236827634928771 0.37831381991039237 0.013403966202337471 0.007340486742704471
6 0.7682969451173262 0.37822090235668765 0.01327255476898082 0.007154651635293724
6 0.7944478203552187 0.3817053106206292 0.013535377635693919 0.006690063866768554
6 0.8210586356098597 0.37822090235668715 0.013403966202337613 0.007154651635294158
6 0.8473409222811098 0.3744577414316299 0.012878320468912534 0.007061734081589038
6 0.8739107296946768 0.3817517693974818 0.01327255476898145 0.006597146313063434
6 0.9005215449493176 0.3781744435798346 0.012878320468912676 0.007061734081589108
6 0.9268038316205679 0.3853755539919814 0.013403966202337613 0.0073404867427044
6 0.153960923576098 0.48459646004491475 0.013376734000000461 0.007227595847727528
6 0.18607770473647642 0.48107189169941805 0.013250538396226865 0.006246070485690538
6 0.21838377930251526 0.4847749192016488 0.013250538396226794 0.007406055004461578
6 0.2502481692553465 0.4811165064886015 0.013124342792453305 0.006513759220791471
6 0.28381619985912127 0.4881656431795951 0.013376734000000425 0.006335300064057492
6 0.3096209138585009 0.4847396844787669 0.013755320811321213 0.007227595847727599
6 0.33593269724529423 0.491922665537311 0.013376734000000355 0.007316825426094766
6 0.39190044751888103 0.4883088676134472 0.01325053839622683 0.006156840907323442
6 0.44799439339624136 0.48465045490039993 0.013376734000000425 0.007227595847727599
6 0.4801111745566199 0.4917888211697605 0.013755320811321213 0.00704913669099362
6 0.5369622940566217 0.49540261909362426 0.013376734000000496 0.006246070485690538
6 0.58049977735851 0.4951795451477068 0.013629125207547546 0.006692218377525591
6 0.6620221373962485 0.48813040845671324 0.013629125207547759 0.006335300064057563
6 0.713509943735873 0.48465045490039993 0.013124342792453234 0.007227595847727599
6 0.7641143808490821 0.48456122532203294 0.013629125207547759 0.007406055004461578
6 0.8452841897735798 0.4846504549004 0.013629125207547759 0.007406055004461578
6 0.8763914061037736 0.4881304084567132 0.013755320811320313 0.00633530006405751
6 0.9074986224339591 0.4846950696895834 0.013124342792453234 0.007138366269360574
6 0.15393177947510964 0.5905249533471594 0.013386377577633527 0.007186505834511649
6 0.17785373199810287 0.586800239957321 0.01363427345870079 0.006573023629126595
6 0.20264332010483166 0.590568773504687 0.013634273458700824 0.007274146149566718
6 0.22668922056835852 0.586887880272376 0.01313848169656623 0.006397742999016529
6 0.2511689388237532 0.5939867457918326 0.01301453375603259 0.006573023629126524
6 0.2757726050196815 0.5904373130321043 0.01313848169656616 0.00718650583451172
6 0.3003762712156098 0.5976676390241435 0.013262429637099907 0.007274146149566789
6 0.33123930840848714 0.5941620264219428 0.0132624296370998 0.006573023629126738
6 0.36174206444743945 0.5904328025256751 0.01351032551816715 0.007361786464621716
6 0.38615980873256733 0.5976631285177144 0.0137582213992345 0.007274146149566647
6 0.41702284592544453 0.6011687411199153 0.01351032551816715 0.006573023629126595
6 0.4525339308883335 0.6012125612774427 0.01313848169656623 0.0061348220538513945
6 0.5055836494367331 0.593938415127876 0.01363427345870079 0.006835944574291588
6 0.5570220447581952 0.5905642629982577 0.01363427345870079 0.007098865519456581
6 0.607530830525655 0.5870148302385294 0.01326242963709987 0.006485383314071455
6 0.6601467312821867 0.5868833697659469 0.01313848169656623 0.0062224623689064625
6 0.7181543674519321 0.5866204488207818 0.01313848169656623 0.006748304259236662
6 0.7497610922880114 0.5868395496084193 0.013138481696566373 0.006485383314071598
6 0.7902920688425129 0.5868833697659469 0.01313848169656623 0.0062224623689064625
6 0.8231382730839286 0.5868395496084193 0.01313848169656623 0.0061348220538513945
6 0.8675616255398014 0.5867957294508918 0.01326242963709987 0.005871901108686402
6 0.9149717127939203 0.5867519092933644 0.01338637757763351 0.0061348220538513945
6 0.15391833377724065 0.7067516438671134 0.013348496566534838 0.006346489744424133
6 0.19344599386866065 0.6995915015913529 0.013923862797851037 0.005858298225622321
6 0.2321106046131063 0.6961334783331731 0.013233423320271599 0.006916046516359558
6 0.27060260548815723 0.6925127245687261 0.01334849656653482 0.006346489744424133
6 0.3105330219414985 0.6925940898218595 0.013348496566534855 0.006346489744424133
6 0.37715256462774066 0.6890009635356844 0.013003276827745153 0.006997411769493311
6 0.3956218206529893 0.6924589867938642 0.013118350074008377 0.0061023939850232975
6 0.41391846680884337 0.6891230114153853 0.013118350074008267 0.0072415075288929445
6 0.43762355553906873 0.6889602809091174 0.013578643059061264 0.007078777022626923
6 0.4684631855376146 0.6888789156559838 0.012888203581481931 0.007404238035161512
6 0.4867598316934685 0.6888789156559838 0.013348496566534892 0.007241507528894289
6 0.5060921370656913 0.6888789156559838 0.013578643059061264 0.007078777022626923
6 0.5241586367290186 0.6924183041672972 0.01334849656653482 0.006834681263225946
6 0.5427429660005305 0.6889602809091173 0.01323342332027167 0.007404238035161512
6 0.5612122220257791 0.6852581618915368 0.013578643059061335 0.006997411769493169
6 0.5798540879204227 0.6890009635356842 0.013348496566534892 0.007160142275760535
6 0.598668563684461 0.6852988445181034 0.013233423320271599 0.006916046516359558
6 0.6173679662022361 0.6962424710645785 0.013118350074008377 0.007485603288295124
6 0.6654685831402668 0.6923776215407303 0.012888203581482002 0.006916046516359558
6 0.6957328469074966 0.689041646162251 0.01242791059642883 0.007241507528894147
7 0.6477473032157296 0.7034432959669042 0.011277178133796013 0.012448883729447288
6 0.7273779896298851 0.6889195982825507 0.01334849656653475 0.007160142275760535
6 0.7575847167739833 0.6890009635356842 0.0136937163053247 0.007160142275760535
6 0.7763991925380216 0.6924183041672972 0.013578643059061193 0.00618375923815691
6 0.7947533753170071 0.692458986793864 0.013233423320271527 0.006265124491290522
6 0.8219681980582613 0.6818815038864905 0.013118350074008306 0.007078777022626923
6 0.8436595049788803 0.6852581618915368 0.013463569812798113 0.006509220250691498
6 0.8626465906123135 0.6889602809091174 0.013003276827745082 0.007241507528894147
6 0.8813459931300887 0.6889195982825507 0.013118350074008306 0.006997411769493311
6 0.8996426392859425 0.6925810346735645 0.01334849656653475 0.006509220250691498
6 0.9237064377274777 0.6961611058114449 0.01288820358148186 0.007160142275760535
