2 0.1582828891878638 0.11792630850705649 0.012603321387324052 0.019916443214525098
3 0.17325282300392486 0.10709782359438165 0.010880612072710214 0.022484625947991718
3 0.1870628306346725 0.1178963610562461 0.01171758223214951 0.021597074923728882
6 0.23351467448355087 0.10029326574169994 0.013391522551028032 0.00710040819410267
6 0.2938194206838483 0.10415396477207256 0.01392509102767054 0.007481759284194265
6 0.3305816609968985 0.10769795601195405 0.012811083745456954 0.006694205675331712
3 0.2787803223739641 0.10316952276099439 0.011697076463243264 0.020476393830426362
4 0.31777057725144153 0.10785174439852183 0.008355054616602296 0.0219653010168556
6 0.37625613076609943 0.11134731031660977 0.012934993373151968 0.0069928262517677635
6 0.420767725609005 0.10744746490697005 0.014456757299405326 0.0067238713959305585
6 0.451583445115632 0.11121283288869116 0.01293499337315204 0.007261781107604986
6 0.48106762118678736 0.1145747685866564 0.012554552391588772 0.0069928262517677635
6 0.5124540021657593 0.11807118171254029 0.01293499337315204 0.006454916540093319
6 0.5541122896469401 0.11470924601457502 0.013315434354715378 0.006723871395930523
6 0.5980532230175009 0.1254674402480639 0.013695875336278718 0.006723871395930523
3 0.6279178400702194 0.10354761949733032 0.011793670428462164 0.02097847875530329
6 0.6423745973696248 0.10395105178108616 0.012554552391588772 0.007261781107605003
6 0.6855546487770577 0.1004546386552024 0.013695875336278503 0.006723871395930718
7 0.7412892525760816 0.12210550455009862 0.011032788465335557 0.023130117602001052
3 0.7757300413684373 0.10354761949733032 0.011793670428462239 0.021516388466977808
6 0.7907574601401873 0.10381657435316755 0.012174111410025432 0.0069928262517677635
6 0.8232851640638491 0.10072359351103949 0.013315434354715446 0.007261781107604983
6 0.8653238925265933 0.09682374810139978 0.013695875336278647 0.0075307359634422255
1 0.8516280171903147 0.09238599298008562 0.009891465520645681 0.020709523899466068
6 0.9115474717865338 0.08956196699379479 0.01255455239158863 0.006992826251767745
2 0.11110480546561381 0.20329593487839218 0.013071153584189872 0.019601536420781693
8 0.13487053925505005 0.12334966847648998 0.02812278498416605 0.051244016642900486
8 0.08733907167617783 0.20889637385575843 0.027330593857851568 0.05096399469403224
8 0.08694297611302018 0.29416305728615827 0.027330593857851467 0.05124401664290082
8 0.08733907167617709 0.37956975169099344 0.027330593857851335 0.05012392884742629
8 0.08714102389459917 0.46553648999356345 0.027726689421008772 0.05068397274516397
8 0.13467249147347088 0.550803173423962 0.026934498294694013 0.05096399469403281
8 0.08714102389459898 0.6370499336754026 0.02693449829469414 0.050963994694032566
8 0.0873390716761775 0.7221766061313671 0.02812278498416592 0.050963994694032747
8 0.08773516723933483 0.8075833005362014 0.027330593857851308 0.05040395079629685
8 0.08733907167617774 0.8934516484556089 0.027330593857851526 0.05068397274516334
3 0.12597652911758617 0.1931825768277857 0.011186076581265289 0.021088156534807355
3 0.1400922924225163 0.20353836798327102 0.01118607658126555 0.021088156534807004
2 0.11159443065595884 0.2888324296820886 0.011186076581265567 0.0195818596394637
2 0.11172759823430724 0.374597209160701 0.01091974142456877 0.019770146751381574
2 0.11186076581265564 0.46007955797143646 0.011186076581265572 0.019770146751381577
2 0.15886892096964067 0.5455619067821719 0.010919741424568735 0.019770146751381504
2 0.11172759823430724 0.6311383991488664 0.011452411737962347 0.0195818596394637
2 0.11186076581265567 0.7167148915155608 0.011186076581265643 0.01901699830370987
2 0.11172759823430724 0.8021972403262962 0.011452411737962347 0.01939357252754576
2 0.11172759823430724 0.887686737740961 0.01091974142456877 0.01939357252754576
3 0.125976529117586 0.2783824949706441 0.011718746894659127 0.022406166318232435
3 0.1400922924225164 0.2890207167940064 0.010653406267872074 0.020335008087135314
3 0.125976529117586 0.3639589873373385 0.011186076581265567 0.021841304982478674
3 0.14022546000086472 0.3749737833845368 0.010919741424568757 0.020146720975217393
3 0.1258433615392376 0.4495354797040329 0.011452411737962364 0.021653017870560773
3 0.1402254600008647 0.460173701527396 0.010387071111175044 0.020335008087135197
3 0.17298468427457092 0.5350178285147685 0.011452411737962425 0.021653017870560967
3 0.18736678273619833 0.5457501938940897 0.010919741424568823 0.02052329519905317
3 0.12597652911758622 0.6206884644374222 0.010653406267872098 0.022029592094395523
3 0.1400922924225163 0.6311383991488664 0.01118607658126555 0.020711582310971154
3 0.12597652911758594 0.7060766696921984 0.01118607658126556 0.022217879206314777
3 0.14022546000086472 0.7166207479596022 0.01145241173796236 0.020711582310972077
3 0.1258433615392376 0.7919355927267698 0.011452411737962364 0.021464730758642792
3 0.14022546000086492 0.8025738145501322 0.010919741424569016 0.02052329519905332
3 0.12624286427428283 0.8775120850934601 0.011186076581265678 0.021653017870560988
3 0.14022546000086478 0.8878678762489473 0.011452411737962222 0.020146720975217667
0 0.20643645237958555 0.12164420768061741 0.0019303549078484197 0.028175236131619916
0 0.9526292451407091 0.2073478822377178 0.0017537454982991744 0.029180441810696133
0 0.5082779013980347 0.37810914421103603 0.0016420866768800417 0.028620639425311786
0 0.9419683754690529 0.46363753419970016 0.0019677634749720595 0.028517986051189298
0 0.20651123539590294 0.5493116760323802 0.0018830113757885222 0.02846416007130584
0 0.7118478446702022 0.6348158408965645 0.0013623882194644921 0.028590284617556635
0 0.5677411781706388 0.8914291422679682 0.0018637500555454597 0.028242442928105706
6 0.1647845176704809 0.8810267113403555 0.013247838515116222 0.006736683171382794
6 0.19046673093224128 0.884641516944512 0.013247838515116222 0.007065301862669742
6 0.21678809429780124 0.8880098585302035 0.013364047624897957 0.006243755134452442
6 0.2430513531084702 0.884682594280923 0.012899211185771016 0.007311765881135131
6 0.2687916709251216 0.881149943349588 0.013247838515116222 0.0066545284985610915
6 0.29540355706513577 0.888174167875847 0.013480256734679657 0.00657237382573939
6 0.34177099186804255 0.8951983924021059 0.013247838515116257 0.006490219152917547
6 0.3904626088665839 0.8917068188071817 0.013247838515116185 0.007065301862669742
6 0.41678397223214375 0.8953627017477492 0.013131629405334522 0.0066545284985610915
6 0.4424661854939042 0.8916657414707708 0.013131629405334593 0.007147456535491585
6 0.46872944430457314 0.8882973998850795 0.013596465844461392 0.006490219152917547
6 0.49551564410925997 0.8846415169445133 0.013247838515116305 0.007229611208313428
7 0.5311918408122485 0.8919122054892361 0.011388492758608705 0.02292115371726581
4 0.16284728962524728 0.17878327005632652 0.007382789085622452 0.021335047936726498
6 0.175605267255665 0.17882905342099759 0.012952261553723542 0.007325338347373919
6 0.220031524384937 0.18207967231264477 0.013211306784798147 0.0072337716180317455
1 0.20626476524304857 0.17773102165315932 0.009714196165292677 0.020327813913962593
6 0.25859190192009196 0.1861093773879682 0.013081784169260828 0.00723377161803171
3 0.2873459225693583 0.18908529609158883 0.011009422320665081 0.021426614666068673
6 0.30178769420176016 0.18917686282093102 0.013211306784798076 0.007142204888689569
4 0.32704460423152126 0.19311423218264456 0.007253266470085222 0.021792881583437382
6 0.33973782055417034 0.1932057989119867 0.012175125860500274 0.007325338347373922
6 0.4090971811743603 0.18221779139092584 0.013340829400335324 0.006959071430005217
7 0.37904793436972156 0.20762755878337905 0.010491331858516233 0.012727775378562178
6 0.44167211898197517 0.18592624392928386 0.013211306784798182 0.0070506381593473935
6 0.47223945624876285 0.18945156300895755 0.013470352015872464 0.007142204888689569
3 0.5110962409099338 0.18913107945626048 0.010879899705127845 0.021518181395410882
6 0.5260561030044845 0.18903951272691777 0.0130817841692609 0.0072337716180317455
6 0.562775764509292 0.19306844881797366 0.013211306784798085 0.007050638159346939
4 0.5500177868788739 0.1929768820886315 0.007382789085622421 0.02170131485409562
6 0.5904936042342589 0.1930226654533038 0.013211306784798336 0.007325338347373705
6 0.6178228761126163 0.19645641780363385 0.013211306784798111 0.006501237783294336
6 0.6462530902230396 0.19650220116830497 0.013081784169260828 0.0067759379713209
4 0.6847213070375989 0.18903951272691777 0.007382789085622363 0.02115191447804218
6 0.6974145233602479 0.18913107945625995 0.013081784169260828 0.007050638159347429
3 0.7374370115612544 0.1928853153592895 0.008418970009920765 0.016573578010933475
6 0.7542101902733261 0.19311423218264465 0.012952261553723593 0.007142204888689357
6 0.780827087766228 0.19659376789764715 0.013340829400335395 0.007142204888689569
6 0.8078973144135102 0.1931600155473156 0.013340829400335253 0.00723377161803171
6 0.8339961214442636 0.18935999627961542 0.013470352015872607 0.007142204888689569
6 0.8611958707070833 0.1931142321826445 0.01321130678479804 0.007142204888689534
6 0.8873594390456049 0.19650220116830497 0.013470352015872607 0.0067759379713209
6 0.9143001430773506 0.19306844881797353 0.012952261553723749 0.007050638159347229
6 0.16517766894552888 0.28578231577852864 0.01378023684390513 0.0072279463491407014
6 0.19158974450719754 0.2749762198042649 0.013335713074746956 0.007542204886059842
6 0.21922430548986754 0.2785901929788352 0.013483887664466359 0.00743745204042007
6 0.2459698189342211 0.2820994133077658 0.013632062254185727 0.007123193503500928
7 0.2737525545066105 0.2933079677912158 0.010520395870078083 0.012360835785486942
1 0.29790501263087443 0.2632962775154361 0.009334999152322823 0.020426804899745434
6 0.31153707488506016 0.26780064987794405 0.012891189305588711 0.007018440657861227
6 0.3438391354438916 0.27141462305251435 0.01289118930558864 0.007332699194780332
6 0.37243683125973776 0.27471433769016557 0.013187538485027588 0.007018440657861192
6 0.41029543893304704 0.27869494582447485 0.01333571307474692 0.0072279463491407014
6 0.43607781754422453 0.28215178973058563 0.01333571307474699 0.007018440657861227
7 0.4620824580399811 0.2933079677912158 0.010816745049516996 0.01257034147676638
6 0.48704987640770164 0.27471433769016557 0.013632062254185656 0.007018440657861192
6 0.5127581677240194 0.27853781655601534 0.01289118930558864 0.007332699194780403
6 0.5384664590403371 0.282047036884946 0.013039363895308256 0.006808934966581823
6 0.5746951462267329 0.285765762905156 0.013780236843905272 0.007542204886059842
6 0.6006997867224895 0.2893797360797264 0.01333571307474699 0.006808934966581788
6 0.6258894669747892 0.28571338648233613 0.013335713074747062 0.00722794634914063
6 0.651301409111668 0.2823089189990452 0.013483887664466464 0.006704182120942086
6 0.6773801369022843 0.28571338648233613 0.013187538485027517 0.00722794634914063
6 0.702569817154584 0.2823089189990452 0.013187538485027517 0.006704182120942086
6 0.7400579883535948 0.2893797360797264 0.013483887664466322 0.006808934966581788
6 0.7731750091558831 0.2928365799858371 0.013335713074747133 0.0072279463491407014
6 0.7998464353053768 0.2965029295832273 0.013335713074746848 0.006808934966581788
6 0.8267401233394497 0.28220416615340554 0.01378023684390513 0.00691368781222149
6 0.8531152003095047 0.28587051575079575 0.013187538485027517 0.0071231935035009995
6 0.879416189984696 0.2820994133077653 0.013335713074746925 0.006704182120943052
6 0.9051985685958774 0.28576576290515604 0.013039363895308185 0.007332699194780403
6 0.9312772963864923 0.28911785396562667 0.013039363895307986 0.006494676429663282
6 0.9313513836813536 0.36045454184627634 0.013187538485027517 0.0071231935035009995
6 0.905124481301018 0.36422564428930626 0.013187538485027375 0.0075422048860598065
6 0.8792680153949809 0.36768248819541705 0.013335713074746848 0.00670418212094205
6 0.8531152003095049 0.3641208914436666 0.013187538485027517 0.007123193503500928
6 0.8268882979291686 0.36034978900063663 0.013483887664466274 0.007123193503500975
7 0.793919451716596 0.37847203129630713 0.011261268818676295 0.023045626040737927
6 0.76080243091431 0.367577735349776 0.013187538485023515 0.006285170738383063
6 0.7142756097424173 0.3712440849471675 0.013187538485027517 0.0075422048860598065
6 0.6802695414018118 0.36768248819541666 0.013335713074746817 0.0067041821209425975
6 0.6461152984714887 0.3712440849471675 0.013187538485027517 0.007123193503500928
6 0.611886968246305 0.374805681698918 0.013483887664466253 0.006494676429662647
6 0.585660065865967 0.3712440849471672 0.01318753848502735 0.007332699194780982
6 0.5594331634856315 0.3748056816989172 0.013187538485027479 0.006494676429663842
7 0.5256493570296079 0.3784196548734883 0.011113094228955803 0.022731367503819228
6 0.47949297233201177 0.36763011177259713 0.01333571307474692 0.0065994292753023135
6 0.45282154618251796 0.3712440849471675 0.01333571307474692 0.007123193503500928
6 0.4272614294559192 0.3747533052760964 0.013187538485028329 0.006389923584022882
6 0.40059000330642575 0.3712440849471675 0.013187538485027446 0.007332699194780403
6 0.35621088517928795 0.38177978612907965 0.013548618408240789 0.006541258046195522
6 0.3187043439759875 0.37858702922557924 0.013438467039068022 0.007319979242171399
6 0.29250696083807476 0.3817680663270762 0.013328315669895296 0.006307641687402991
6 0.2666213890824929 0.3784974373039784 0.013328315669895367 0.007086362883378712
7 0.23319044853858198 0.37849743730397856 0.011896347870650354 0.022660786802892255
6 0.198657994302944 0.3817680663270762 0.013108012931549985 0.0059961532090127174
6 0.16517197807444667 0.37853637336377716 0.013328315669895332 0.007319979242171399
6 0.16520056666800703 0.4497316137753124 0.013208282282181027 0.007513066371075041
6 0.19693080801255683 0.453219823161883 0.013815559628488181 0.0063324416556204
6 0.22888877836197183 0.4570300211072139 0.013056462945604218 0.007513066371075041
6 0.25492579458489184 0.46035723621440433 0.013208282282180975 0.0066544302143807955
6 0.2806380436622023 0.4567944353613636 0.01351192095533456 0.007083748292727918
6 0.3071305178948526 0.4533062259747932 0.01305646294560423 0.006332441655620027
6 0.345085352039051 0.4567944353613636 0.013360101618757838 0.007083748292727918
6 0.37711923205675446 0.45325256121499974 0.013663740291911424 0.007083748292727918
6 0.40998811842563015 0.4496570223088423 0.013208282282180975 0.007191077812314646
6 0.4522698036622671 0.445793159603718 0.013056462945604252 0.007191077812314646
6 0.4789140972314943 0.44949602802946215 0.013208282282181046 0.007083748292727847
6 0.5051788424592796 0.44600781864289163 0.013208282282181046 0.007405736851488242
6 0.5307604006724693 0.45330622597479303 0.013360101618757766 0.0065471006947938545
6 0.5679561381337835 0.4498180165882225 0.013056462945604252 0.007298407331901516
4 0.5553551331979097 0.4497643518284291 0.007287328155686054 0.021787892476117607
6 0.605759152941405 0.45319889645520633 0.013360101618757766 0.006547100694793997
6 0.6324793561789207 0.45690176488095047 0.01305646294560411 0.007298407331901516
6 0.6655759715526617 0.46038997426752104 0.013056462945604181 0.0063324416556204
6 0.6925998134633308 0.4639855131736783 0.012752824272450596 0.007298407331901516
6 0.7260000675102254 0.46742005780045554 0.013056462945604181 0.006439771175207198
6 0.7710145008052445 0.46403917793347177 0.013208282282180904 0.007191077812314717
6 0.7967478783550109 0.4674737225602489 0.013360101618757766 0.006117782616446874
6 0.8227848945779311 0.4638781836540916 0.013208282282181046 0.007083748292727918
6 0.8489737301374279 0.46055096854690114 0.013360101618757909 0.006869089253554392
6 0.8752384753652132 0.4566871058417769 0.013360101618757766 0.007083748292727918
7 0.9079555423975131 0.4640928426932635 0.011082811570106427 0.0227538581523985
6 0.9311839008937624 0.5425507215112071 0.013511920955334327 0.007298407331901554
6 0.9049950653342647 0.5457169423390164 0.013663740291911496 0.006547100694793926
6 0.8791098684479215 0.5387941883256686 0.013511920955334631 0.006869089253554322
6 0.8530728522250013 0.542389727231826 0.013360101618757909 0.0069764187731411196
6 0.8128407280321511 0.54593160137819 0.013967378965064938 0.006761759733967523
6 0.7720772361612821 0.5495271402843472 0.013511920955334468 0.007083748292728228
6 0.7336669440073535 0.5529080201513311 0.013208282282181046 0.0063324416556204
6 0.7077058374527218 0.5496344698039342 0.013511920955334605 0.007298407331901286
6 0.6812133632200714 0.5459316013781899 0.013360101618757766 0.006547100694793926
7 0.6553281663337281 0.5498491288431077 0.010475534223798632 0.0126648833112408
6 0.23064210183836592 0.5529840808972254 0.01337878723224275 0.006715327411212257
6 0.2695743726841924 0.5494372530391907 0.013378787232242714 0.007188237792283587
6 0.29720156831877365 0.5458904251811559 0.0132449993599203 0.006336999106355421
6 0.32569838512345073 0.5494845440772979 0.0132449993599203 0.007093655716069307
6 0.3637023309085191 0.5529741085866645 0.0132449993599203 0.006147834953926932
6 0.40216634420121705 0.5529741085866645 0.013378787232242714 0.005958670801498371
6 0.44337300887652475 0.5566628095590207 0.013378787232242714 0.007093655716069449
3 0.4287232368572188 0.5566155185209136 0.011104393402761516 0.022132205834136585
4 0.4677892955753677 0.5603515105313768 0.007358332977733468 0.020902638843351296
6 0.48043224950983715 0.5603042194932697 0.012843635742953054 0.006431581182569701
6 0.507323611846645 0.5567101005971279 0.013111211487597885 0.00737740194471229
6 0.5352183832258711 0.5530686906628789 0.0132449993599203 0.00652616325878391
6 0.573949972263214 0.5567101005971279 0.013378787232242714 0.007188237792283729
7 0.6148890611938767 0.5496164448810577 0.011505757019728856 0.0226996982914222
6 0.16459531725816062 0.6351228035131656 0.013566545139604909 0.007226053783298099
6 0.1889407612758078 0.6314769309225015 0.013380702055500784 0.006634831201028106
6 0.21393665608781962 0.6383745277156497 0.013380702055500748 0.00650344840496821
6 0.23851939974187622 0.6350314813167115 0.013221300060598367 0.0073764496994382965
6 0.26360413661360615 0.6314443037231491 0.013507166007854572 0.006669118906341538
6 0.2877598091567535 0.6351577903869073 0.013364233034226451 0.007224878815203297
6 0.312237080890564 0.6384923498400782 0.013292766547412462 0.006517548022106396
6 0.3374290174925151 0.6350567431307468 0.013078367086970532 0.007224878815206857
7 0.3623604838377302 0.6352588376430641 0.011404107899567912 0.0232913925441167
6 0.3983300321080081 0.631330567063267 0.013228672653033428 0.006494502284366488
6 0.4223988670739442 0.6279209533639747 0.013596135782284406 0.006949117444272232
6 0.44738635986300734 0.6313305670632672 0.01341240421765896 0.0064945022843664905
6 0.47182265795819434 0.6350973783881996 0.013228672653033513 0.007273842558490529
6 0.4964886205091629 0.6314604571089545 0.013688001564597058 0.006494502284366561
6 0.5211086501689752 0.635227268433887 0.01313680687072079 0.007533622649865137
6 0.5571200368355664 0.6385069920874921 0.013320538435346165 0.00603988712446089
3 0.5837611137062585 0.642208858389583 0.011115759659840579 0.02188647269831509
6 0.5985974375497652 0.6422738034124247 0.01341240421765896 0.00720889753564677
6 0.6417743552367494 0.6456834171117172 0.013228672653033584 0.006364612238679115
4 0.6290050114952797 0.6457808346459841 0.007349262585018625 0.021496802561253147
6 0.6704824122094785 0.6493852834138061 0.013136806870720647 0.007143952512803082
6 0.6931732604407234 0.6528598421359422 0.013871733129222576 0.006949117444272162
6 0.7283578550664999 0.6384745195760702 0.013320538435346094 0.006754282375741169
3 0.7526104215970613 0.6421439133667388 0.010748296530589764 0.021756582652627827
4 0.790688788365689 0.6456834171117172 0.007349262585018579 0.02169163762978407
6 0.7675845441140374 0.6421763858781637 0.013136806870719865 0.00740373260418001
6 0.8034121992160024 0.6457158896231389 0.012953075306095343 0.006689337352897411
6 0.8288130880254729 0.6494177559252279 0.013228672653033442 0.00720889753564677
6 0.8539843123791616 0.6457808346459825 0.013779867346909924 0.006169777170148336
6 0.8798904629913522 0.6384745195760703 0.013596135782284335 0.006104832147304506
6 0.9054291504742917 0.642208858389581 0.013596135782284335 0.007338787581334074
6 0.9319783615626716 0.6351298508996215 0.013596135782284335 0.00720889753564677
6 0.16458691662831268 0.724162490965353 0.013216747685040015 0.006194686983923106
7 0.19313801245621615 0.7206263571453624 0.010880085110888773 0.02276547466591603
6 0.2206685718463586 0.7135246957648579 0.013727892623135632 0.0073303795976405565
6 0.25663126927664764 0.7170092071933163 0.013216747685040069 0.0061430645923903175
6 0.2945290154011545 0.720751830579437 0.013362789095924452 0.0072271348145757875
6 0.31701939267735546 0.7241072860290615 0.013508830506808955 0.006091442200857528
6 0.33929070783722964 0.7208550753625018 0.01350883050680899 0.007433624380707613
6 0.3618175954661514 0.71698339599755 0.013435809801366716 0.006814155682315146
6 0.38533026261854303 0.713473073373327 0.013435809801366574 0.007330379597642036
6 0.4073094949566483 0.709807883574506 0.013143726979597758 0.006297931766988256
4 0.42665998189883403 0.7062975609502828 0.007448111955105361 0.021784649226795808
6 0.43929256394033644 0.7063749945375818 0.013435809801366645 0.007278757206109532
6 0.47317417126552186 0.7099111283575713 0.013435809801366645 0.006504421333119126
6 0.4978186593522678 0.7135763181563923 0.013362789095924511 0.007433624380707613
6 0.5220615335590816 0.7170350183890827 0.013216747685039963 0.006401176550053833
6 0.5468885734094331 0.713550506960626 0.013070706274155696 0.00748524677224026
7 0.5716791029070631 0.720648585796371 0.011537271459868546 0.022610607491318692
6 0.5957759357029928 0.7169317736060173 0.013435809801366645 0.006401176550053691
6 0.6198727684989221 0.713473073373327 0.01328976839048238 0.007227134814576743
6 0.6446267876438313 0.7099111283575712 0.013289768390482308 0.006091442200857528
6 0.6714984072465644 0.6993027268976029 0.01328976839048222 0.007278757206110181
6 0.7107105260690315 0.7098336947702722 0.013435809801366645 0.00645279894158648
6 0.7461620785612246 0.7025033151726301 0.013654871917693186 0.006865778073847934
6 0.7731432292221211 0.7065040505164137 0.01328976839048238 0.007020645248446016
6 0.8014022422282565 0.7098595059660385 0.01314372697959783 0.006297931766988256
6 0.8409064438724922 0.7134472621775607 0.013435809801366503 0.007588491555305552
6 0.8699321742857709 0.7170350183890827 0.01336278909592437 0.006297931766988399
6 0.8993595185789814 0.7135246957648599 0.013362789095924654 0.007123890031511308
6 0.9284217593449812 0.709807883574506 0.013216747685040104 0.006504421333119126
7 0.16520389638415228 0.8061631147654269 0.011349599694888322 0.022672924444904506
6 0.19043955934210513 0.8024856028916549 0.013155217828166173 0.006443243944128482
6 0.2167499949984375 0.7990816249589079 0.013155217828166208 0.007415809067770312
6 0.24327538519444572 0.7954952910654779 0.013413163275777294 0.00680795586549408
6 0.2696718026666485 0.791939349832162 0.013413163275777223 0.007233453107087513
6 0.2964121474023327 0.7880490893375938 0.013413163275777257 0.007233453107087513
6 0.32204489134246034 0.7954974858189362 0.013155217828166173 0.006443243944128341
6 0.34818336336705186 0.7880816767511659 0.013155217828166244 0.007172667786859677
6 0.3856284441785968 0.7919415445856202 0.01324119964403657 0.007111882466632267
6 0.4148192706665864 0.7952847371981396 0.013327181459906896 0.006504029264355893
6 0.4379483791357152 0.7990838197123662 0.013327181459906967 0.006929526505949184
7 0.462023287579418 0.8064996287801364 0.010747726983795971 0.012643346607346046
4 0.48136919615025064 0.7807266530036233 0.007480417980721867 0.021518003360579456
6 0.4942234776228706 0.7809697942845338 0.012897272380555123 0.007172667786859818
6 0.5224255132283511 0.7848600547791017 0.013585126907518017 0.007415809067770312
6 0.5485209943450076 0.7880512840910521 0.013327181459906825 0.006868741185721632
6 0.5826557752455434 0.791971937245734 0.013499145091647619 0.007051097146404573
6 0.6070316200447924 0.7953759151784812 0.013413163275777294 0.005956961382307355
6 0.6307626012250137 0.791971937245734 0.013241199644036427 0.006929526505949468
6 0.6547085369449109 0.7879601061107107 0.013327181459906967 0.007051097146404573
6 0.679299336283836 0.7953455225183671 0.013155217828166173 0.006504029264355893
6 0.7099088627336867 0.7989318564117971 0.013327181459906967 0.007233453107087513
6 0.7454623435960834 0.8025789756254545 0.013241199644036356 0.006504029264356035
6 0.7699241702112031 0.8061653095188845 0.013327181459906825 0.007233453107087513
6 0.7937411332072948 0.8026093682855684 0.013499145091647619 0.006321673303673094
6 0.8183319325462196 0.7991446050325939 0.013499145091647619 0.007051097146404588
6 0.8428797409772096 0.7953759151784809 0.013413163275777294 0.006564814584583587
4 0.8704799038715975 0.7918807592653926 0.007566399796592407 0.021700359321262255
6 0.8833341853442173 0.7919111519255064 0.012983254196425377 0.007415809067770454
6 0.9089567664735867 0.7953151298582535 0.013671108723388415 0.0066863852250388335
6 0.9328167203776135 0.7990534270522522 0.01324119964403664 0.007111882466632124
